
gd = gridDim
bd = blockDim
bi = blockIdx
ti = threadIdx

gd(   1,   1,   1) bd(   2,   3,   4) bi(   0,   0,   0) ti(   0,   0,   0) 0
gd(   1,   1,   1) bd(   2,   3,   4) bi(   0,   0,   0) ti(   1,   0,   0) 1
gd(   1,   1,   1) bd(   2,   3,   4) bi(   0,   0,   0) ti(   0,   1,   0) 2
gd(   1,   1,   1) bd(   2,   3,   4) bi(   0,   0,   0) ti(   1,   1,   0) 3
gd(   1,   1,   1) bd(   2,   3,   4) bi(   0,   0,   0) ti(   0,   2,   0) 4
gd(   1,   1,   1) bd(   2,   3,   4) bi(   0,   0,   0) ti(   1,   2,   0) 5
gd(   1,   1,   1) bd(   2,   3,   4) bi(   0,   0,   0) ti(   0,   0,   1) 6
gd(   1,   1,   1) bd(   2,   3,   4) bi(   0,   0,   0) ti(   1,   0,   1) 7
gd(   1,   1,   1) bd(   2,   3,   4) bi(   0,   0,   0) ti(   0,   1,   1) 8
gd(   1,   1,   1) bd(   2,   3,   4) bi(   0,   0,   0) ti(   1,   1,   1) 9
gd(   1,   1,   1) bd(   2,   3,   4) bi(   0,   0,   0) ti(   0,   2,   1) 10
gd(   1,   1,   1) bd(   2,   3,   4) bi(   0,   0,   0) ti(   1,   2,   1) 11
gd(   1,   1,   1) bd(   2,   3,   4) bi(   0,   0,   0) ti(   0,   0,   2) 12
gd(   1,   1,   1) bd(   2,   3,   4) bi(   0,   0,   0) ti(   1,   0,   2) 13
gd(   1,   1,   1) bd(   2,   3,   4) bi(   0,   0,   0) ti(   0,   1,   2) 14
gd(   1,   1,   1) bd(   2,   3,   4) bi(   0,   0,   0) ti(   1,   1,   2) 15
gd(   1,   1,   1) bd(   2,   3,   4) bi(   0,   0,   0) ti(   0,   2,   2) 16
gd(   1,   1,   1) bd(   2,   3,   4) bi(   0,   0,   0) ti(   1,   2,   2) 17
gd(   1,   1,   1) bd(   2,   3,   4) bi(   0,   0,   0) ti(   0,   0,   3) 18
gd(   1,   1,   1) bd(   2,   3,   4) bi(   0,   0,   0) ti(   1,   0,   3) 19
gd(   1,   1,   1) bd(   2,   3,   4) bi(   0,   0,   0) ti(   0,   1,   3) 20
gd(   1,   1,   1) bd(   2,   3,   4) bi(   0,   0,   0) ti(   1,   1,   3) 21
gd(   1,   1,   1) bd(   2,   3,   4) bi(   0,   0,   0) ti(   0,   2,   3) 22
gd(   1,   1,   1) bd(   2,   3,   4) bi(   0,   0,   0) ti(   1,   2,   3) 23
