
gd = gridDim
bd = blockDim
bi = blockIdx
ti = threadIdx

gd(   5,   1,   1) bd(   2,   3,   4) bi(   1,   0,   0) ti(   0,   0,   0) 24
gd(   5,   1,   1) bd(   2,   3,   4) bi(   1,   0,   0) ti(   1,   0,   0) 25
gd(   5,   1,   1) bd(   2,   3,   4) bi(   1,   0,   0) ti(   0,   1,   0) 26
gd(   5,   1,   1) bd(   2,   3,   4) bi(   1,   0,   0) ti(   1,   1,   0) 27
gd(   5,   1,   1) bd(   2,   3,   4) bi(   1,   0,   0) ti(   0,   2,   0) 28
gd(   5,   1,   1) bd(   2,   3,   4) bi(   1,   0,   0) ti(   1,   2,   0) 29
gd(   5,   1,   1) bd(   2,   3,   4) bi(   1,   0,   0) ti(   0,   0,   1) 30
gd(   5,   1,   1) bd(   2,   3,   4) bi(   1,   0,   0) ti(   1,   0,   1) 31
gd(   5,   1,   1) bd(   2,   3,   4) bi(   1,   0,   0) ti(   0,   1,   1) 32
gd(   5,   1,   1) bd(   2,   3,   4) bi(   1,   0,   0) ti(   1,   1,   1) 33
gd(   5,   1,   1) bd(   2,   3,   4) bi(   1,   0,   0) ti(   0,   2,   1) 34
gd(   5,   1,   1) bd(   2,   3,   4) bi(   1,   0,   0) ti(   1,   2,   1) 35
gd(   5,   1,   1) bd(   2,   3,   4) bi(   1,   0,   0) ti(   0,   0,   2) 36
gd(   5,   1,   1) bd(   2,   3,   4) bi(   1,   0,   0) ti(   1,   0,   2) 37
gd(   5,   1,   1) bd(   2,   3,   4) bi(   1,   0,   0) ti(   0,   1,   2) 38
gd(   5,   1,   1) bd(   2,   3,   4) bi(   1,   0,   0) ti(   1,   1,   2) 39
gd(   5,   1,   1) bd(   2,   3,   4) bi(   1,   0,   0) ti(   0,   2,   2) 40
gd(   5,   1,   1) bd(   2,   3,   4) bi(   1,   0,   0) ti(   1,   2,   2) 41
gd(   5,   1,   1) bd(   2,   3,   4) bi(   1,   0,   0) ti(   0,   0,   3) 42
gd(   5,   1,   1) bd(   2,   3,   4) bi(   1,   0,   0) ti(   1,   0,   3) 43
gd(   5,   1,   1) bd(   2,   3,   4) bi(   1,   0,   0) ti(   0,   1,   3) 44
gd(   5,   1,   1) bd(   2,   3,   4) bi(   1,   0,   0) ti(   1,   1,   3) 45
gd(   5,   1,   1) bd(   2,   3,   4) bi(   1,   0,   0) ti(   0,   2,   3) 46
gd(   5,   1,   1) bd(   2,   3,   4) bi(   1,   0,   0) ti(   1,   2,   3) 47
gd(   5,   1,   1) bd(   2,   3,   4) bi(   3,   0,   0) ti(   0,   0,   0) 72
gd(   5,   1,   1) bd(   2,   3,   4) bi(   3,   0,   0) ti(   1,   0,   0) 73
gd(   5,   1,   1) bd(   2,   3,   4) bi(   3,   0,   0) ti(   0,   1,   0) 74
gd(   5,   1,   1) bd(   2,   3,   4) bi(   3,   0,   0) ti(   1,   1,   0) 75
gd(   5,   1,   1) bd(   2,   3,   4) bi(   3,   0,   0) ti(   0,   2,   0) 76
gd(   5,   1,   1) bd(   2,   3,   4) bi(   3,   0,   0) ti(   1,   2,   0) 77
gd(   5,   1,   1) bd(   2,   3,   4) bi(   3,   0,   0) ti(   0,   0,   1) 78
gd(   5,   1,   1) bd(   2,   3,   4) bi(   3,   0,   0) ti(   1,   0,   1) 79
gd(   5,   1,   1) bd(   2,   3,   4) bi(   3,   0,   0) ti(   0,   1,   1) 80
gd(   5,   1,   1) bd(   2,   3,   4) bi(   3,   0,   0) ti(   1,   1,   1) 81
gd(   5,   1,   1) bd(   2,   3,   4) bi(   3,   0,   0) ti(   0,   2,   1) 82
gd(   5,   1,   1) bd(   2,   3,   4) bi(   3,   0,   0) ti(   1,   2,   1) 83
gd(   5,   1,   1) bd(   2,   3,   4) bi(   3,   0,   0) ti(   0,   0,   2) 84
gd(   5,   1,   1) bd(   2,   3,   4) bi(   3,   0,   0) ti(   1,   0,   2) 85
gd(   5,   1,   1) bd(   2,   3,   4) bi(   3,   0,   0) ti(   0,   1,   2) 86
gd(   5,   1,   1) bd(   2,   3,   4) bi(   3,   0,   0) ti(   1,   1,   2) 87
gd(   5,   1,   1) bd(   2,   3,   4) bi(   3,   0,   0) ti(   0,   2,   2) 88
gd(   5,   1,   1) bd(   2,   3,   4) bi(   3,   0,   0) ti(   1,   2,   2) 89
gd(   5,   1,   1) bd(   2,   3,   4) bi(   3,   0,   0) ti(   0,   0,   3) 90
gd(   5,   1,   1) bd(   2,   3,   4) bi(   3,   0,   0) ti(   1,   0,   3) 91
gd(   5,   1,   1) bd(   2,   3,   4) bi(   3,   0,   0) ti(   0,   1,   3) 92
gd(   5,   1,   1) bd(   2,   3,   4) bi(   3,   0,   0) ti(   1,   1,   3) 93
gd(   5,   1,   1) bd(   2,   3,   4) bi(   3,   0,   0) ti(   0,   2,   3) 94
gd(   5,   1,   1) bd(   2,   3,   4) bi(   3,   0,   0) ti(   1,   2,   3) 95
gd(   5,   1,   1) bd(   2,   3,   4) bi(   2,   0,   0) ti(   0,   0,   0) 48
gd(   5,   1,   1) bd(   2,   3,   4) bi(   2,   0,   0) ti(   1,   0,   0) 49
gd(   5,   1,   1) bd(   2,   3,   4) bi(   2,   0,   0) ti(   0,   1,   0) 50
gd(   5,   1,   1) bd(   2,   3,   4) bi(   2,   0,   0) ti(   1,   1,   0) 51
gd(   5,   1,   1) bd(   2,   3,   4) bi(   2,   0,   0) ti(   0,   2,   0) 52
gd(   5,   1,   1) bd(   2,   3,   4) bi(   2,   0,   0) ti(   1,   2,   0) 53
gd(   5,   1,   1) bd(   2,   3,   4) bi(   2,   0,   0) ti(   0,   0,   1) 54
gd(   5,   1,   1) bd(   2,   3,   4) bi(   2,   0,   0) ti(   1,   0,   1) 55
gd(   5,   1,   1) bd(   2,   3,   4) bi(   2,   0,   0) ti(   0,   1,   1) 56
gd(   5,   1,   1) bd(   2,   3,   4) bi(   2,   0,   0) ti(   1,   1,   1) 57
gd(   5,   1,   1) bd(   2,   3,   4) bi(   2,   0,   0) ti(   0,   2,   1) 58
gd(   5,   1,   1) bd(   2,   3,   4) bi(   2,   0,   0) ti(   1,   2,   1) 59
gd(   5,   1,   1) bd(   2,   3,   4) bi(   2,   0,   0) ti(   0,   0,   2) 60
gd(   5,   1,   1) bd(   2,   3,   4) bi(   2,   0,   0) ti(   1,   0,   2) 61
gd(   5,   1,   1) bd(   2,   3,   4) bi(   2,   0,   0) ti(   0,   1,   2) 62
gd(   5,   1,   1) bd(   2,   3,   4) bi(   2,   0,   0) ti(   1,   1,   2) 63
gd(   5,   1,   1) bd(   2,   3,   4) bi(   2,   0,   0) ti(   0,   2,   2) 64
gd(   5,   1,   1) bd(   2,   3,   4) bi(   2,   0,   0) ti(   1,   2,   2) 65
gd(   5,   1,   1) bd(   2,   3,   4) bi(   2,   0,   0) ti(   0,   0,   3) 66
gd(   5,   1,   1) bd(   2,   3,   4) bi(   2,   0,   0) ti(   1,   0,   3) 67
gd(   5,   1,   1) bd(   2,   3,   4) bi(   2,   0,   0) ti(   0,   1,   3) 68
gd(   5,   1,   1) bd(   2,   3,   4) bi(   2,   0,   0) ti(   1,   1,   3) 69
gd(   5,   1,   1) bd(   2,   3,   4) bi(   2,   0,   0) ti(   0,   2,   3) 70
gd(   5,   1,   1) bd(   2,   3,   4) bi(   2,   0,   0) ti(   1,   2,   3) 71
gd(   5,   1,   1) bd(   2,   3,   4) bi(   0,   0,   0) ti(   0,   0,   0) 0
gd(   5,   1,   1) bd(   2,   3,   4) bi(   0,   0,   0) ti(   1,   0,   0) 1
gd(   5,   1,   1) bd(   2,   3,   4) bi(   0,   0,   0) ti(   0,   1,   0) 2
gd(   5,   1,   1) bd(   2,   3,   4) bi(   0,   0,   0) ti(   1,   1,   0) 3
gd(   5,   1,   1) bd(   2,   3,   4) bi(   0,   0,   0) ti(   0,   2,   0) 4
gd(   5,   1,   1) bd(   2,   3,   4) bi(   0,   0,   0) ti(   1,   2,   0) 5
gd(   5,   1,   1) bd(   2,   3,   4) bi(   0,   0,   0) ti(   0,   0,   1) 6
gd(   5,   1,   1) bd(   2,   3,   4) bi(   0,   0,   0) ti(   1,   0,   1) 7
gd(   5,   1,   1) bd(   2,   3,   4) bi(   0,   0,   0) ti(   0,   1,   1) 8
gd(   5,   1,   1) bd(   2,   3,   4) bi(   0,   0,   0) ti(   1,   1,   1) 9
gd(   5,   1,   1) bd(   2,   3,   4) bi(   0,   0,   0) ti(   0,   2,   1) 10
gd(   5,   1,   1) bd(   2,   3,   4) bi(   0,   0,   0) ti(   1,   2,   1) 11
gd(   5,   1,   1) bd(   2,   3,   4) bi(   0,   0,   0) ti(   0,   0,   2) 12
gd(   5,   1,   1) bd(   2,   3,   4) bi(   0,   0,   0) ti(   1,   0,   2) 13
gd(   5,   1,   1) bd(   2,   3,   4) bi(   0,   0,   0) ti(   0,   1,   2) 14
gd(   5,   1,   1) bd(   2,   3,   4) bi(   0,   0,   0) ti(   1,   1,   2) 15
gd(   5,   1,   1) bd(   2,   3,   4) bi(   0,   0,   0) ti(   0,   2,   2) 16
gd(   5,   1,   1) bd(   2,   3,   4) bi(   0,   0,   0) ti(   1,   2,   2) 17
gd(   5,   1,   1) bd(   2,   3,   4) bi(   0,   0,   0) ti(   0,   0,   3) 18
gd(   5,   1,   1) bd(   2,   3,   4) bi(   0,   0,   0) ti(   1,   0,   3) 19
gd(   5,   1,   1) bd(   2,   3,   4) bi(   0,   0,   0) ti(   0,   1,   3) 20
gd(   5,   1,   1) bd(   2,   3,   4) bi(   0,   0,   0) ti(   1,   1,   3) 21
gd(   5,   1,   1) bd(   2,   3,   4) bi(   0,   0,   0) ti(   0,   2,   3) 22
gd(   5,   1,   1) bd(   2,   3,   4) bi(   0,   0,   0) ti(   1,   2,   3) 23
gd(   5,   1,   1) bd(   2,   3,   4) bi(   4,   0,   0) ti(   0,   0,   0) 96
gd(   5,   1,   1) bd(   2,   3,   4) bi(   4,   0,   0) ti(   1,   0,   0) 97
gd(   5,   1,   1) bd(   2,   3,   4) bi(   4,   0,   0) ti(   0,   1,   0) 98
gd(   5,   1,   1) bd(   2,   3,   4) bi(   4,   0,   0) ti(   1,   1,   0) 99
gd(   5,   1,   1) bd(   2,   3,   4) bi(   4,   0,   0) ti(   0,   2,   0) 100
gd(   5,   1,   1) bd(   2,   3,   4) bi(   4,   0,   0) ti(   1,   2,   0) 101
gd(   5,   1,   1) bd(   2,   3,   4) bi(   4,   0,   0) ti(   0,   0,   1) 102
gd(   5,   1,   1) bd(   2,   3,   4) bi(   4,   0,   0) ti(   1,   0,   1) 103
gd(   5,   1,   1) bd(   2,   3,   4) bi(   4,   0,   0) ti(   0,   1,   1) 104
gd(   5,   1,   1) bd(   2,   3,   4) bi(   4,   0,   0) ti(   1,   1,   1) 105
gd(   5,   1,   1) bd(   2,   3,   4) bi(   4,   0,   0) ti(   0,   2,   1) 106
gd(   5,   1,   1) bd(   2,   3,   4) bi(   4,   0,   0) ti(   1,   2,   1) 107
gd(   5,   1,   1) bd(   2,   3,   4) bi(   4,   0,   0) ti(   0,   0,   2) 108
gd(   5,   1,   1) bd(   2,   3,   4) bi(   4,   0,   0) ti(   1,   0,   2) 109
gd(   5,   1,   1) bd(   2,   3,   4) bi(   4,   0,   0) ti(   0,   1,   2) 110
gd(   5,   1,   1) bd(   2,   3,   4) bi(   4,   0,   0) ti(   1,   1,   2) 111
gd(   5,   1,   1) bd(   2,   3,   4) bi(   4,   0,   0) ti(   0,   2,   2) 112
gd(   5,   1,   1) bd(   2,   3,   4) bi(   4,   0,   0) ti(   1,   2,   2) 113
gd(   5,   1,   1) bd(   2,   3,   4) bi(   4,   0,   0) ti(   0,   0,   3) 114
gd(   5,   1,   1) bd(   2,   3,   4) bi(   4,   0,   0) ti(   1,   0,   3) 115
gd(   5,   1,   1) bd(   2,   3,   4) bi(   4,   0,   0) ti(   0,   1,   3) 116
gd(   5,   1,   1) bd(   2,   3,   4) bi(   4,   0,   0) ti(   1,   1,   3) 117
gd(   5,   1,   1) bd(   2,   3,   4) bi(   4,   0,   0) ti(   0,   2,   3) 118
gd(   5,   1,   1) bd(   2,   3,   4) bi(   4,   0,   0) ti(   1,   2,   3) 119
