     1	gd(   2,   3,   4) bd(   2,   3,   4) bi(   1,   1,   1) ti(   0,   0,   0) 216
     2	gd(   2,   3,   4) bd(   2,   3,   4) bi(   1,   1,   1) ti(   1,   0,   0) 217
     3	gd(   2,   3,   4) bd(   2,   3,   4) bi(   1,   1,   1) ti(   0,   1,   0) 218
     4	gd(   2,   3,   4) bd(   2,   3,   4) bi(   1,   1,   1) ti(   1,   1,   0) 219
     5	gd(   2,   3,   4) bd(   2,   3,   4) bi(   1,   1,   1) ti(   0,   2,   0) 220
     6	gd(   2,   3,   4) bd(   2,   3,   4) bi(   1,   1,   1) ti(   1,   2,   0) 221
     7	gd(   2,   3,   4) bd(   2,   3,   4) bi(   1,   1,   1) ti(   0,   0,   1) 222
     8	gd(   2,   3,   4) bd(   2,   3,   4) bi(   1,   1,   1) ti(   1,   0,   1) 223
     9	gd(   2,   3,   4) bd(   2,   3,   4) bi(   1,   1,   1) ti(   0,   1,   1) 224
    10	gd(   2,   3,   4) bd(   2,   3,   4) bi(   1,   1,   1) ti(   1,   1,   1) 225
    11	gd(   2,   3,   4) bd(   2,   3,   4) bi(   1,   1,   1) ti(   0,   2,   1) 226
    12	gd(   2,   3,   4) bd(   2,   3,   4) bi(   1,   1,   1) ti(   1,   2,   1) 227
    13	gd(   2,   3,   4) bd(   2,   3,   4) bi(   1,   1,   1) ti(   0,   0,   2) 228
    14	gd(   2,   3,   4) bd(   2,   3,   4) bi(   1,   1,   1) ti(   1,   0,   2) 229
    15	gd(   2,   3,   4) bd(   2,   3,   4) bi(   1,   1,   1) ti(   0,   1,   2) 230
    16	gd(   2,   3,   4) bd(   2,   3,   4) bi(   1,   1,   1) ti(   1,   1,   2) 231
    17	gd(   2,   3,   4) bd(   2,   3,   4) bi(   1,   1,   1) ti(   0,   2,   2) 232
    18	gd(   2,   3,   4) bd(   2,   3,   4) bi(   1,   1,   1) ti(   1,   2,   2) 233
    19	gd(   2,   3,   4) bd(   2,   3,   4) bi(   1,   1,   1) ti(   0,   0,   3) 234
    20	gd(   2,   3,   4) bd(   2,   3,   4) bi(   1,   1,   1) ti(   1,   0,   3) 235
    21	gd(   2,   3,   4) bd(   2,   3,   4) bi(   1,   1,   1) ti(   0,   1,   3) 236
    22	gd(   2,   3,   4) bd(   2,   3,   4) bi(   1,   1,   1) ti(   1,   1,   3) 237
    23	gd(   2,   3,   4) bd(   2,   3,   4) bi(   1,   1,   1) ti(   0,   2,   3) 238
    24	gd(   2,   3,   4) bd(   2,   3,   4) bi(   1,   1,   1) ti(   1,   2,   3) 239
    25	gd(   2,   3,   4) bd(   2,   3,   4) bi(   1,   2,   2) ti(   0,   0,   0) 408
    26	gd(   2,   3,   4) bd(   2,   3,   4) bi(   1,   2,   2) ti(   1,   0,   0) 409
    27	gd(   2,   3,   4) bd(   2,   3,   4) bi(   1,   2,   2) ti(   0,   1,   0) 410
    28	gd(   2,   3,   4) bd(   2,   3,   4) bi(   1,   2,   2) ti(   1,   1,   0) 411
    29	gd(   2,   3,   4) bd(   2,   3,   4) bi(   1,   2,   2) ti(   0,   2,   0) 412
    30	gd(   2,   3,   4) bd(   2,   3,   4) bi(   1,   2,   2) ti(   1,   2,   0) 413
    31	gd(   2,   3,   4) bd(   2,   3,   4) bi(   1,   2,   2) ti(   0,   0,   1) 414
    32	gd(   2,   3,   4) bd(   2,   3,   4) bi(   1,   2,   2) ti(   1,   0,   1) 415
    33	gd(   2,   3,   4) bd(   2,   3,   4) bi(   1,   2,   2) ti(   0,   1,   1) 416
    34	gd(   2,   3,   4) bd(   2,   3,   4) bi(   1,   2,   2) ti(   1,   1,   1) 417
    35	gd(   2,   3,   4) bd(   2,   3,   4) bi(   1,   2,   2) ti(   0,   2,   1) 418
    36	gd(   2,   3,   4) bd(   2,   3,   4) bi(   1,   2,   2) ti(   1,   2,   1) 419
    37	gd(   2,   3,   4) bd(   2,   3,   4) bi(   1,   2,   2) ti(   0,   0,   2) 420
    38	gd(   2,   3,   4) bd(   2,   3,   4) bi(   1,   2,   2) ti(   1,   0,   2) 421
    39	gd(   2,   3,   4) bd(   2,   3,   4) bi(   1,   2,   2) ti(   0,   1,   2) 422
    40	gd(   2,   3,   4) bd(   2,   3,   4) bi(   1,   2,   2) ti(   1,   1,   2) 423
    41	gd(   2,   3,   4) bd(   2,   3,   4) bi(   1,   2,   2) ti(   0,   2,   2) 424
    42	gd(   2,   3,   4) bd(   2,   3,   4) bi(   1,   2,   2) ti(   1,   2,   2) 425
    43	gd(   2,   3,   4) bd(   2,   3,   4) bi(   1,   2,   2) ti(   0,   0,   3) 426
    44	gd(   2,   3,   4) bd(   2,   3,   4) bi(   1,   2,   2) ti(   1,   0,   3) 427
    45	gd(   2,   3,   4) bd(   2,   3,   4) bi(   1,   2,   2) ti(   0,   1,   3) 428
    46	gd(   2,   3,   4) bd(   2,   3,   4) bi(   1,   2,   2) ti(   1,   1,   3) 429
    47	gd(   2,   3,   4) bd(   2,   3,   4) bi(   1,   2,   2) ti(   0,   2,   3) 430
    48	gd(   2,   3,   4) bd(   2,   3,   4) bi(   1,   2,   2) ti(   1,   2,   3) 431
    49	gd(   2,   3,   4) bd(   2,   3,   4) bi(   1,   0,   2) ti(   0,   0,   0) 312
    50	gd(   2,   3,   4) bd(   2,   3,   4) bi(   1,   0,   2) ti(   1,   0,   0) 313
    51	gd(   2,   3,   4) bd(   2,   3,   4) bi(   1,   0,   2) ti(   0,   1,   0) 314
    52	gd(   2,   3,   4) bd(   2,   3,   4) bi(   1,   0,   2) ti(   1,   1,   0) 315
    53	gd(   2,   3,   4) bd(   2,   3,   4) bi(   1,   0,   2) ti(   0,   2,   0) 316
    54	gd(   2,   3,   4) bd(   2,   3,   4) bi(   1,   0,   2) ti(   1,   2,   0) 317
    55	gd(   2,   3,   4) bd(   2,   3,   4) bi(   1,   0,   2) ti(   0,   0,   1) 318
    56	gd(   2,   3,   4) bd(   2,   3,   4) bi(   1,   0,   2) ti(   1,   0,   1) 319
    57	gd(   2,   3,   4) bd(   2,   3,   4) bi(   1,   0,   2) ti(   0,   1,   1) 320
    58	gd(   2,   3,   4) bd(   2,   3,   4) bi(   1,   0,   2) ti(   1,   1,   1) 321
    59	gd(   2,   3,   4) bd(   2,   3,   4) bi(   1,   0,   2) ti(   0,   2,   1) 322
    60	gd(   2,   3,   4) bd(   2,   3,   4) bi(   1,   0,   2) ti(   1,   2,   1) 323
    61	gd(   2,   3,   4) bd(   2,   3,   4) bi(   1,   0,   2) ti(   0,   0,   2) 324
    62	gd(   2,   3,   4) bd(   2,   3,   4) bi(   1,   0,   2) ti(   1,   0,   2) 325
    63	gd(   2,   3,   4) bd(   2,   3,   4) bi(   1,   0,   2) ti(   0,   1,   2) 326
    64	gd(   2,   3,   4) bd(   2,   3,   4) bi(   1,   0,   2) ti(   1,   1,   2) 327
    65	gd(   2,   3,   4) bd(   2,   3,   4) bi(   1,   0,   2) ti(   0,   2,   2) 328
    66	gd(   2,   3,   4) bd(   2,   3,   4) bi(   1,   0,   2) ti(   1,   2,   2) 329
    67	gd(   2,   3,   4) bd(   2,   3,   4) bi(   1,   0,   2) ti(   0,   0,   3) 330
    68	gd(   2,   3,   4) bd(   2,   3,   4) bi(   1,   0,   2) ti(   1,   0,   3) 331
    69	gd(   2,   3,   4) bd(   2,   3,   4) bi(   1,   0,   2) ti(   0,   1,   3) 332
    70	gd(   2,   3,   4) bd(   2,   3,   4) bi(   1,   0,   2) ti(   1,   1,   3) 333
    71	gd(   2,   3,   4) bd(   2,   3,   4) bi(   1,   0,   2) ti(   0,   2,   3) 334
    72	gd(   2,   3,   4) bd(   2,   3,   4) bi(   1,   0,   2) ti(   1,   2,   3) 335
    73	gd(   2,   3,   4) bd(   2,   3,   4) bi(   0,   2,   1) ti(   0,   0,   0) 240
    74	gd(   2,   3,   4) bd(   2,   3,   4) bi(   0,   2,   1) ti(   1,   0,   0) 241
    75	gd(   2,   3,   4) bd(   2,   3,   4) bi(   0,   2,   1) ti(   0,   1,   0) 242
    76	gd(   2,   3,   4) bd(   2,   3,   4) bi(   0,   2,   1) ti(   1,   1,   0) 243
    77	gd(   2,   3,   4) bd(   2,   3,   4) bi(   0,   2,   1) ti(   0,   2,   0) 244
    78	gd(   2,   3,   4) bd(   2,   3,   4) bi(   0,   2,   1) ti(   1,   2,   0) 245
    79	gd(   2,   3,   4) bd(   2,   3,   4) bi(   0,   2,   1) ti(   0,   0,   1) 246
    80	gd(   2,   3,   4) bd(   2,   3,   4) bi(   0,   2,   1) ti(   1,   0,   1) 247
    81	gd(   2,   3,   4) bd(   2,   3,   4) bi(   0,   2,   1) ti(   0,   1,   1) 248
    82	gd(   2,   3,   4) bd(   2,   3,   4) bi(   0,   2,   1) ti(   1,   1,   1) 249
    83	gd(   2,   3,   4) bd(   2,   3,   4) bi(   0,   2,   1) ti(   0,   2,   1) 250
    84	gd(   2,   3,   4) bd(   2,   3,   4) bi(   0,   2,   1) ti(   1,   2,   1) 251
    85	gd(   2,   3,   4) bd(   2,   3,   4) bi(   0,   2,   1) ti(   0,   0,   2) 252
    86	gd(   2,   3,   4) bd(   2,   3,   4) bi(   0,   2,   1) ti(   1,   0,   2) 253
    87	gd(   2,   3,   4) bd(   2,   3,   4) bi(   0,   2,   1) ti(   0,   1,   2) 254
    88	gd(   2,   3,   4) bd(   2,   3,   4) bi(   0,   2,   1) ti(   1,   1,   2) 255
    89	gd(   2,   3,   4) bd(   2,   3,   4) bi(   0,   2,   1) ti(   0,   2,   2) 256
    90	gd(   2,   3,   4) bd(   2,   3,   4) bi(   0,   2,   1) ti(   1,   2,   2) 257
    91	gd(   2,   3,   4) bd(   2,   3,   4) bi(   0,   2,   1) ti(   0,   0,   3) 258
    92	gd(   2,   3,   4) bd(   2,   3,   4) bi(   0,   2,   1) ti(   1,   0,   3) 259
    93	gd(   2,   3,   4) bd(   2,   3,   4) bi(   0,   2,   1) ti(   0,   1,   3) 260
    94	gd(   2,   3,   4) bd(   2,   3,   4) bi(   0,   2,   1) ti(   1,   1,   3) 261
    95	gd(   2,   3,   4) bd(   2,   3,   4) bi(   0,   2,   1) ti(   0,   2,   3) 262
    96	gd(   2,   3,   4) bd(   2,   3,   4) bi(   0,   2,   1) ti(   1,   2,   3) 263
    97	gd(   2,   3,   4) bd(   2,   3,   4) bi(   1,   1,   3) ti(   0,   0,   0) 504
    98	gd(   2,   3,   4) bd(   2,   3,   4) bi(   1,   1,   3) ti(   1,   0,   0) 505
    99	gd(   2,   3,   4) bd(   2,   3,   4) bi(   1,   1,   3) ti(   0,   1,   0) 506
   100	gd(   2,   3,   4) bd(   2,   3,   4) bi(   1,   1,   3) ti(   1,   1,   0) 507
   101	gd(   2,   3,   4) bd(   2,   3,   4) bi(   1,   1,   3) ti(   0,   2,   0) 508
   102	gd(   2,   3,   4) bd(   2,   3,   4) bi(   1,   1,   3) ti(   1,   2,   0) 509
   103	gd(   2,   3,   4) bd(   2,   3,   4) bi(   1,   1,   3) ti(   0,   0,   1) 510
   104	gd(   2,   3,   4) bd(   2,   3,   4) bi(   1,   1,   3) ti(   1,   0,   1) 511
   105	gd(   2,   3,   4) bd(   2,   3,   4) bi(   1,   1,   3) ti(   0,   1,   1) 512
   106	gd(   2,   3,   4) bd(   2,   3,   4) bi(   1,   1,   3) ti(   1,   1,   1) 513
   107	gd(   2,   3,   4) bd(   2,   3,   4) bi(   1,   1,   3) ti(   0,   2,   1) 514
   108	gd(   2,   3,   4) bd(   2,   3,   4) bi(   1,   1,   3) ti(   1,   2,   1) 515
   109	gd(   2,   3,   4) bd(   2,   3,   4) bi(   1,   1,   3) ti(   0,   0,   2) 516
   110	gd(   2,   3,   4) bd(   2,   3,   4) bi(   1,   1,   3) ti(   1,   0,   2) 517
   111	gd(   2,   3,   4) bd(   2,   3,   4) bi(   1,   1,   3) ti(   0,   1,   2) 518
   112	gd(   2,   3,   4) bd(   2,   3,   4) bi(   1,   1,   3) ti(   1,   1,   2) 519
   113	gd(   2,   3,   4) bd(   2,   3,   4) bi(   1,   1,   3) ti(   0,   2,   2) 520
   114	gd(   2,   3,   4) bd(   2,   3,   4) bi(   1,   1,   3) ti(   1,   2,   2) 521
   115	gd(   2,   3,   4) bd(   2,   3,   4) bi(   1,   1,   3) ti(   0,   0,   3) 522
   116	gd(   2,   3,   4) bd(   2,   3,   4) bi(   1,   1,   3) ti(   1,   0,   3) 523
   117	gd(   2,   3,   4) bd(   2,   3,   4) bi(   1,   1,   3) ti(   0,   1,   3) 524
   118	gd(   2,   3,   4) bd(   2,   3,   4) bi(   1,   1,   3) ti(   1,   1,   3) 525
   119	gd(   2,   3,   4) bd(   2,   3,   4) bi(   1,   1,   3) ti(   0,   2,   3) 526
   120	gd(   2,   3,   4) bd(   2,   3,   4) bi(   1,   1,   3) ti(   1,   2,   3) 527
   121	gd(   2,   3,   4) bd(   2,   3,   4) bi(   0,   0,   0) ti(   0,   0,   0) 0
   122	gd(   2,   3,   4) bd(   2,   3,   4) bi(   0,   0,   0) ti(   1,   0,   0) 1
   123	gd(   2,   3,   4) bd(   2,   3,   4) bi(   0,   0,   0) ti(   0,   1,   0) 2
   124	gd(   2,   3,   4) bd(   2,   3,   4) bi(   0,   0,   0) ti(   1,   1,   0) 3
   125	gd(   2,   3,   4) bd(   2,   3,   4) bi(   0,   0,   0) ti(   0,   2,   0) 4
   126	gd(   2,   3,   4) bd(   2,   3,   4) bi(   0,   0,   0) ti(   1,   2,   0) 5
   127	gd(   2,   3,   4) bd(   2,   3,   4) bi(   0,   0,   0) ti(   0,   0,   1) 6
   128	gd(   2,   3,   4) bd(   2,   3,   4) bi(   0,   0,   0) ti(   1,   0,   1) 7
   129	gd(   2,   3,   4) bd(   2,   3,   4) bi(   0,   0,   0) ti(   0,   1,   1) 8
   130	gd(   2,   3,   4) bd(   2,   3,   4) bi(   0,   0,   0) ti(   1,   1,   1) 9
   131	gd(   2,   3,   4) bd(   2,   3,   4) bi(   0,   0,   0) ti(   0,   2,   1) 10
   132	gd(   2,   3,   4) bd(   2,   3,   4) bi(   0,   0,   0) ti(   1,   2,   1) 11
   133	gd(   2,   3,   4) bd(   2,   3,   4) bi(   0,   0,   0) ti(   0,   0,   2) 12
   134	gd(   2,   3,   4) bd(   2,   3,   4) bi(   0,   0,   0) ti(   1,   0,   2) 13
   135	gd(   2,   3,   4) bd(   2,   3,   4) bi(   0,   0,   0) ti(   0,   1,   2) 14
   136	gd(   2,   3,   4) bd(   2,   3,   4) bi(   0,   0,   0) ti(   1,   1,   2) 15
   137	gd(   2,   3,   4) bd(   2,   3,   4) bi(   0,   0,   0) ti(   0,   2,   2) 16
   138	gd(   2,   3,   4) bd(   2,   3,   4) bi(   0,   0,   0) ti(   1,   2,   2) 17
   139	gd(   2,   3,   4) bd(   2,   3,   4) bi(   0,   0,   0) ti(   0,   0,   3) 18
   140	gd(   2,   3,   4) bd(   2,   3,   4) bi(   0,   0,   0) ti(   1,   0,   3) 19
   141	gd(   2,   3,   4) bd(   2,   3,   4) bi(   0,   0,   0) ti(   0,   1,   3) 20
   142	gd(   2,   3,   4) bd(   2,   3,   4) bi(   0,   0,   0) ti(   1,   1,   3) 21
   143	gd(   2,   3,   4) bd(   2,   3,   4) bi(   0,   0,   0) ti(   0,   2,   3) 22
   144	gd(   2,   3,   4) bd(   2,   3,   4) bi(   0,   0,   0) ti(   1,   2,   3) 23
   145	gd(   2,   3,   4) bd(   2,   3,   4) bi(   1,   0,   3) ti(   0,   0,   0) 456
   146	gd(   2,   3,   4) bd(   2,   3,   4) bi(   1,   0,   3) ti(   1,   0,   0) 457
   147	gd(   2,   3,   4) bd(   2,   3,   4) bi(   1,   0,   3) ti(   0,   1,   0) 458
   148	gd(   2,   3,   4) bd(   2,   3,   4) bi(   1,   0,   3) ti(   1,   1,   0) 459
   149	gd(   2,   3,   4) bd(   2,   3,   4) bi(   1,   0,   3) ti(   0,   2,   0) 460
   150	gd(   2,   3,   4) bd(   2,   3,   4) bi(   1,   0,   3) ti(   1,   2,   0) 461
   151	gd(   2,   3,   4) bd(   2,   3,   4) bi(   1,   0,   3) ti(   0,   0,   1) 462
   152	gd(   2,   3,   4) bd(   2,   3,   4) bi(   1,   0,   3) ti(   1,   0,   1) 463
   153	gd(   2,   3,   4) bd(   2,   3,   4) bi(   1,   0,   3) ti(   0,   1,   1) 464
   154	gd(   2,   3,   4) bd(   2,   3,   4) bi(   1,   0,   3) ti(   1,   1,   1) 465
   155	gd(   2,   3,   4) bd(   2,   3,   4) bi(   1,   0,   3) ti(   0,   2,   1) 466
   156	gd(   2,   3,   4) bd(   2,   3,   4) bi(   1,   0,   3) ti(   1,   2,   1) 467
   157	gd(   2,   3,   4) bd(   2,   3,   4) bi(   1,   0,   3) ti(   0,   0,   2) 468
   158	gd(   2,   3,   4) bd(   2,   3,   4) bi(   1,   0,   3) ti(   1,   0,   2) 469
   159	gd(   2,   3,   4) bd(   2,   3,   4) bi(   1,   0,   3) ti(   0,   1,   2) 470
   160	gd(   2,   3,   4) bd(   2,   3,   4) bi(   1,   0,   3) ti(   1,   1,   2) 471
   161	gd(   2,   3,   4) bd(   2,   3,   4) bi(   1,   0,   3) ti(   0,   2,   2) 472
   162	gd(   2,   3,   4) bd(   2,   3,   4) bi(   1,   0,   3) ti(   1,   2,   2) 473
   163	gd(   2,   3,   4) bd(   2,   3,   4) bi(   1,   0,   3) ti(   0,   0,   3) 474
   164	gd(   2,   3,   4) bd(   2,   3,   4) bi(   1,   0,   3) ti(   1,   0,   3) 475
   165	gd(   2,   3,   4) bd(   2,   3,   4) bi(   1,   0,   3) ti(   0,   1,   3) 476
   166	gd(   2,   3,   4) bd(   2,   3,   4) bi(   1,   0,   3) ti(   1,   1,   3) 477
   167	gd(   2,   3,   4) bd(   2,   3,   4) bi(   1,   0,   3) ti(   0,   2,   3) 478
   168	gd(   2,   3,   4) bd(   2,   3,   4) bi(   1,   0,   3) ti(   1,   2,   3) 479
   169	gd(   2,   3,   4) bd(   2,   3,   4) bi(   0,   0,   2) ti(   0,   0,   0) 288
   170	gd(   2,   3,   4) bd(   2,   3,   4) bi(   0,   0,   2) ti(   1,   0,   0) 289
   171	gd(   2,   3,   4) bd(   2,   3,   4) bi(   0,   0,   2) ti(   0,   1,   0) 290
   172	gd(   2,   3,   4) bd(   2,   3,   4) bi(   0,   0,   2) ti(   1,   1,   0) 291
   173	gd(   2,   3,   4) bd(   2,   3,   4) bi(   0,   0,   2) ti(   0,   2,   0) 292
   174	gd(   2,   3,   4) bd(   2,   3,   4) bi(   0,   0,   2) ti(   1,   2,   0) 293
   175	gd(   2,   3,   4) bd(   2,   3,   4) bi(   0,   0,   2) ti(   0,   0,   1) 294
   176	gd(   2,   3,   4) bd(   2,   3,   4) bi(   0,   0,   2) ti(   1,   0,   1) 295
   177	gd(   2,   3,   4) bd(   2,   3,   4) bi(   0,   0,   2) ti(   0,   1,   1) 296
   178	gd(   2,   3,   4) bd(   2,   3,   4) bi(   0,   0,   2) ti(   1,   1,   1) 297
   179	gd(   2,   3,   4) bd(   2,   3,   4) bi(   0,   0,   2) ti(   0,   2,   1) 298
   180	gd(   2,   3,   4) bd(   2,   3,   4) bi(   0,   0,   2) ti(   1,   2,   1) 299
   181	gd(   2,   3,   4) bd(   2,   3,   4) bi(   0,   0,   2) ti(   0,   0,   2) 300
   182	gd(   2,   3,   4) bd(   2,   3,   4) bi(   0,   0,   2) ti(   1,   0,   2) 301
   183	gd(   2,   3,   4) bd(   2,   3,   4) bi(   0,   0,   2) ti(   0,   1,   2) 302
   184	gd(   2,   3,   4) bd(   2,   3,   4) bi(   0,   0,   2) ti(   1,   1,   2) 303
   185	gd(   2,   3,   4) bd(   2,   3,   4) bi(   0,   0,   2) ti(   0,   2,   2) 304
   186	gd(   2,   3,   4) bd(   2,   3,   4) bi(   0,   0,   2) ti(   1,   2,   2) 305
   187	gd(   2,   3,   4) bd(   2,   3,   4) bi(   0,   0,   2) ti(   0,   0,   3) 306
   188	gd(   2,   3,   4) bd(   2,   3,   4) bi(   0,   0,   2) ti(   1,   0,   3) 307
   189	gd(   2,   3,   4) bd(   2,   3,   4) bi(   0,   0,   2) ti(   0,   1,   3) 308
   190	gd(   2,   3,   4) bd(   2,   3,   4) bi(   0,   0,   2) ti(   1,   1,   3) 309
   191	gd(   2,   3,   4) bd(   2,   3,   4) bi(   0,   0,   2) ti(   0,   2,   3) 310
   192	gd(   2,   3,   4) bd(   2,   3,   4) bi(   0,   0,   2) ti(   1,   2,   3) 311
   193	gd(   2,   3,   4) bd(   2,   3,   4) bi(   1,   2,   3) ti(   0,   0,   0) 552
   194	gd(   2,   3,   4) bd(   2,   3,   4) bi(   1,   2,   3) ti(   1,   0,   0) 553
   195	gd(   2,   3,   4) bd(   2,   3,   4) bi(   1,   2,   3) ti(   0,   1,   0) 554
   196	gd(   2,   3,   4) bd(   2,   3,   4) bi(   1,   2,   3) ti(   1,   1,   0) 555
   197	gd(   2,   3,   4) bd(   2,   3,   4) bi(   1,   2,   3) ti(   0,   2,   0) 556
   198	gd(   2,   3,   4) bd(   2,   3,   4) bi(   1,   2,   3) ti(   1,   2,   0) 557
   199	gd(   2,   3,   4) bd(   2,   3,   4) bi(   1,   2,   3) ti(   0,   0,   1) 558
   200	gd(   2,   3,   4) bd(   2,   3,   4) bi(   1,   2,   3) ti(   1,   0,   1) 559
   201	gd(   2,   3,   4) bd(   2,   3,   4) bi(   1,   2,   3) ti(   0,   1,   1) 560
   202	gd(   2,   3,   4) bd(   2,   3,   4) bi(   1,   2,   3) ti(   1,   1,   1) 561
   203	gd(   2,   3,   4) bd(   2,   3,   4) bi(   1,   2,   3) ti(   0,   2,   1) 562
   204	gd(   2,   3,   4) bd(   2,   3,   4) bi(   1,   2,   3) ti(   1,   2,   1) 563
   205	gd(   2,   3,   4) bd(   2,   3,   4) bi(   1,   2,   3) ti(   0,   0,   2) 564
   206	gd(   2,   3,   4) bd(   2,   3,   4) bi(   1,   2,   3) ti(   1,   0,   2) 565
   207	gd(   2,   3,   4) bd(   2,   3,   4) bi(   1,   2,   3) ti(   0,   1,   2) 566
   208	gd(   2,   3,   4) bd(   2,   3,   4) bi(   1,   2,   3) ti(   1,   1,   2) 567
   209	gd(   2,   3,   4) bd(   2,   3,   4) bi(   1,   2,   3) ti(   0,   2,   2) 568
   210	gd(   2,   3,   4) bd(   2,   3,   4) bi(   1,   2,   3) ti(   1,   2,   2) 569
   211	gd(   2,   3,   4) bd(   2,   3,   4) bi(   1,   2,   3) ti(   0,   0,   3) 570
   212	gd(   2,   3,   4) bd(   2,   3,   4) bi(   1,   2,   3) ti(   1,   0,   3) 571
   213	gd(   2,   3,   4) bd(   2,   3,   4) bi(   1,   2,   3) ti(   0,   1,   3) 572
   214	gd(   2,   3,   4) bd(   2,   3,   4) bi(   1,   2,   3) ti(   1,   1,   3) 573
   215	gd(   2,   3,   4) bd(   2,   3,   4) bi(   1,   2,   3) ti(   0,   2,   3) 574
   216	gd(   2,   3,   4) bd(   2,   3,   4) bi(   1,   2,   3) ti(   1,   2,   3) 575
   217	gd(   2,   3,   4) bd(   2,   3,   4) bi(   0,   1,   1) ti(   0,   0,   0) 192
   218	gd(   2,   3,   4) bd(   2,   3,   4) bi(   0,   1,   1) ti(   1,   0,   0) 193
   219	gd(   2,   3,   4) bd(   2,   3,   4) bi(   0,   1,   1) ti(   0,   1,   0) 194
   220	gd(   2,   3,   4) bd(   2,   3,   4) bi(   0,   1,   1) ti(   1,   1,   0) 195
   221	gd(   2,   3,   4) bd(   2,   3,   4) bi(   0,   1,   1) ti(   0,   2,   0) 196
   222	gd(   2,   3,   4) bd(   2,   3,   4) bi(   0,   1,   1) ti(   1,   2,   0) 197
   223	gd(   2,   3,   4) bd(   2,   3,   4) bi(   0,   1,   1) ti(   0,   0,   1) 198
   224	gd(   2,   3,   4) bd(   2,   3,   4) bi(   0,   1,   1) ti(   1,   0,   1) 199
   225	gd(   2,   3,   4) bd(   2,   3,   4) bi(   0,   1,   1) ti(   0,   1,   1) 200
   226	gd(   2,   3,   4) bd(   2,   3,   4) bi(   0,   1,   1) ti(   1,   1,   1) 201
   227	gd(   2,   3,   4) bd(   2,   3,   4) bi(   0,   1,   1) ti(   0,   2,   1) 202
   228	gd(   2,   3,   4) bd(   2,   3,   4) bi(   0,   1,   1) ti(   1,   2,   1) 203
   229	gd(   2,   3,   4) bd(   2,   3,   4) bi(   0,   1,   1) ti(   0,   0,   2) 204
   230	gd(   2,   3,   4) bd(   2,   3,   4) bi(   0,   1,   1) ti(   1,   0,   2) 205
   231	gd(   2,   3,   4) bd(   2,   3,   4) bi(   0,   1,   1) ti(   0,   1,   2) 206
   232	gd(   2,   3,   4) bd(   2,   3,   4) bi(   0,   1,   1) ti(   1,   1,   2) 207
   233	gd(   2,   3,   4) bd(   2,   3,   4) bi(   0,   1,   1) ti(   0,   2,   2) 208
   234	gd(   2,   3,   4) bd(   2,   3,   4) bi(   0,   1,   1) ti(   1,   2,   2) 209
   235	gd(   2,   3,   4) bd(   2,   3,   4) bi(   0,   1,   1) ti(   0,   0,   3) 210
   236	gd(   2,   3,   4) bd(   2,   3,   4) bi(   0,   1,   1) ti(   1,   0,   3) 211
   237	gd(   2,   3,   4) bd(   2,   3,   4) bi(   0,   1,   1) ti(   0,   1,   3) 212
   238	gd(   2,   3,   4) bd(   2,   3,   4) bi(   0,   1,   1) ti(   1,   1,   3) 213
   239	gd(   2,   3,   4) bd(   2,   3,   4) bi(   0,   1,   1) ti(   0,   2,   3) 214
   240	gd(   2,   3,   4) bd(   2,   3,   4) bi(   0,   1,   1) ti(   1,   2,   3) 215
   241	gd(   2,   3,   4) bd(   2,   3,   4) bi(   1,   2,   1) ti(   0,   0,   0) 264
   242	gd(   2,   3,   4) bd(   2,   3,   4) bi(   1,   2,   1) ti(   1,   0,   0) 265
   243	gd(   2,   3,   4) bd(   2,   3,   4) bi(   1,   2,   1) ti(   0,   1,   0) 266
   244	gd(   2,   3,   4) bd(   2,   3,   4) bi(   1,   2,   1) ti(   1,   1,   0) 267
   245	gd(   2,   3,   4) bd(   2,   3,   4) bi(   1,   2,   1) ti(   0,   2,   0) 268
   246	gd(   2,   3,   4) bd(   2,   3,   4) bi(   1,   2,   1) ti(   1,   2,   0) 269
   247	gd(   2,   3,   4) bd(   2,   3,   4) bi(   1,   2,   1) ti(   0,   0,   1) 270
   248	gd(   2,   3,   4) bd(   2,   3,   4) bi(   1,   2,   1) ti(   1,   0,   1) 271
   249	gd(   2,   3,   4) bd(   2,   3,   4) bi(   1,   2,   1) ti(   0,   1,   1) 272
   250	gd(   2,   3,   4) bd(   2,   3,   4) bi(   1,   2,   1) ti(   1,   1,   1) 273
   251	gd(   2,   3,   4) bd(   2,   3,   4) bi(   1,   2,   1) ti(   0,   2,   1) 274
   252	gd(   2,   3,   4) bd(   2,   3,   4) bi(   1,   2,   1) ti(   1,   2,   1) 275
   253	gd(   2,   3,   4) bd(   2,   3,   4) bi(   1,   2,   1) ti(   0,   0,   2) 276
   254	gd(   2,   3,   4) bd(   2,   3,   4) bi(   1,   2,   1) ti(   1,   0,   2) 277
   255	gd(   2,   3,   4) bd(   2,   3,   4) bi(   1,   2,   1) ti(   0,   1,   2) 278
   256	gd(   2,   3,   4) bd(   2,   3,   4) bi(   1,   2,   1) ti(   1,   1,   2) 279
   257	gd(   2,   3,   4) bd(   2,   3,   4) bi(   1,   2,   1) ti(   0,   2,   2) 280
   258	gd(   2,   3,   4) bd(   2,   3,   4) bi(   1,   2,   1) ti(   1,   2,   2) 281
   259	gd(   2,   3,   4) bd(   2,   3,   4) bi(   1,   2,   1) ti(   0,   0,   3) 282
   260	gd(   2,   3,   4) bd(   2,   3,   4) bi(   1,   2,   1) ti(   1,   0,   3) 283
   261	gd(   2,   3,   4) bd(   2,   3,   4) bi(   1,   2,   1) ti(   0,   1,   3) 284
   262	gd(   2,   3,   4) bd(   2,   3,   4) bi(   1,   2,   1) ti(   1,   1,   3) 285
   263	gd(   2,   3,   4) bd(   2,   3,   4) bi(   1,   2,   1) ti(   0,   2,   3) 286
   264	gd(   2,   3,   4) bd(   2,   3,   4) bi(   1,   2,   1) ti(   1,   2,   3) 287
   265	gd(   2,   3,   4) bd(   2,   3,   4) bi(   0,   0,   3) ti(   0,   0,   0) 432
   266	gd(   2,   3,   4) bd(   2,   3,   4) bi(   0,   0,   3) ti(   1,   0,   0) 433
   267	gd(   2,   3,   4) bd(   2,   3,   4) bi(   0,   0,   3) ti(   0,   1,   0) 434
   268	gd(   2,   3,   4) bd(   2,   3,   4) bi(   0,   0,   3) ti(   1,   1,   0) 435
   269	gd(   2,   3,   4) bd(   2,   3,   4) bi(   0,   0,   3) ti(   0,   2,   0) 436
   270	gd(   2,   3,   4) bd(   2,   3,   4) bi(   0,   0,   3) ti(   1,   2,   0) 437
   271	gd(   2,   3,   4) bd(   2,   3,   4) bi(   0,   0,   3) ti(   0,   0,   1) 438
   272	gd(   2,   3,   4) bd(   2,   3,   4) bi(   0,   0,   3) ti(   1,   0,   1) 439
   273	gd(   2,   3,   4) bd(   2,   3,   4) bi(   0,   0,   3) ti(   0,   1,   1) 440
   274	gd(   2,   3,   4) bd(   2,   3,   4) bi(   0,   0,   3) ti(   1,   1,   1) 441
   275	gd(   2,   3,   4) bd(   2,   3,   4) bi(   0,   0,   3) ti(   0,   2,   1) 442
   276	gd(   2,   3,   4) bd(   2,   3,   4) bi(   0,   0,   3) ti(   1,   2,   1) 443
   277	gd(   2,   3,   4) bd(   2,   3,   4) bi(   0,   0,   3) ti(   0,   0,   2) 444
   278	gd(   2,   3,   4) bd(   2,   3,   4) bi(   0,   0,   3) ti(   1,   0,   2) 445
   279	gd(   2,   3,   4) bd(   2,   3,   4) bi(   0,   0,   3) ti(   0,   1,   2) 446
   280	gd(   2,   3,   4) bd(   2,   3,   4) bi(   0,   0,   3) ti(   1,   1,   2) 447
   281	gd(   2,   3,   4) bd(   2,   3,   4) bi(   0,   0,   3) ti(   0,   2,   2) 448
   282	gd(   2,   3,   4) bd(   2,   3,   4) bi(   0,   0,   3) ti(   1,   2,   2) 449
   283	gd(   2,   3,   4) bd(   2,   3,   4) bi(   0,   0,   3) ti(   0,   0,   3) 450
   284	gd(   2,   3,   4) bd(   2,   3,   4) bi(   0,   0,   3) ti(   1,   0,   3) 451
   285	gd(   2,   3,   4) bd(   2,   3,   4) bi(   0,   0,   3) ti(   0,   1,   3) 452
   286	gd(   2,   3,   4) bd(   2,   3,   4) bi(   0,   0,   3) ti(   1,   1,   3) 453
   287	gd(   2,   3,   4) bd(   2,   3,   4) bi(   0,   0,   3) ti(   0,   2,   3) 454
   288	gd(   2,   3,   4) bd(   2,   3,   4) bi(   0,   0,   3) ti(   1,   2,   3) 455
   289	gd(   2,   3,   4) bd(   2,   3,   4) bi(   1,   1,   0) ti(   0,   0,   0) 72
   290	gd(   2,   3,   4) bd(   2,   3,   4) bi(   1,   1,   0) ti(   1,   0,   0) 73
   291	gd(   2,   3,   4) bd(   2,   3,   4) bi(   1,   1,   0) ti(   0,   1,   0) 74
   292	gd(   2,   3,   4) bd(   2,   3,   4) bi(   1,   1,   0) ti(   1,   1,   0) 75
   293	gd(   2,   3,   4) bd(   2,   3,   4) bi(   1,   1,   0) ti(   0,   2,   0) 76
   294	gd(   2,   3,   4) bd(   2,   3,   4) bi(   1,   1,   0) ti(   1,   2,   0) 77
   295	gd(   2,   3,   4) bd(   2,   3,   4) bi(   1,   1,   0) ti(   0,   0,   1) 78
   296	gd(   2,   3,   4) bd(   2,   3,   4) bi(   1,   1,   0) ti(   1,   0,   1) 79
   297	gd(   2,   3,   4) bd(   2,   3,   4) bi(   1,   1,   0) ti(   0,   1,   1) 80
   298	gd(   2,   3,   4) bd(   2,   3,   4) bi(   1,   1,   0) ti(   1,   1,   1) 81
   299	gd(   2,   3,   4) bd(   2,   3,   4) bi(   1,   1,   0) ti(   0,   2,   1) 82
   300	gd(   2,   3,   4) bd(   2,   3,   4) bi(   1,   1,   0) ti(   1,   2,   1) 83
   301	gd(   2,   3,   4) bd(   2,   3,   4) bi(   1,   1,   0) ti(   0,   0,   2) 84
   302	gd(   2,   3,   4) bd(   2,   3,   4) bi(   1,   1,   0) ti(   1,   0,   2) 85
   303	gd(   2,   3,   4) bd(   2,   3,   4) bi(   1,   1,   0) ti(   0,   1,   2) 86
   304	gd(   2,   3,   4) bd(   2,   3,   4) bi(   1,   1,   0) ti(   1,   1,   2) 87
   305	gd(   2,   3,   4) bd(   2,   3,   4) bi(   1,   1,   0) ti(   0,   2,   2) 88
   306	gd(   2,   3,   4) bd(   2,   3,   4) bi(   1,   1,   0) ti(   1,   2,   2) 89
   307	gd(   2,   3,   4) bd(   2,   3,   4) bi(   1,   1,   0) ti(   0,   0,   3) 90
   308	gd(   2,   3,   4) bd(   2,   3,   4) bi(   1,   1,   0) ti(   1,   0,   3) 91
   309	gd(   2,   3,   4) bd(   2,   3,   4) bi(   1,   1,   0) ti(   0,   1,   3) 92
   310	gd(   2,   3,   4) bd(   2,   3,   4) bi(   1,   1,   0) ti(   1,   1,   3) 93
   311	gd(   2,   3,   4) bd(   2,   3,   4) bi(   1,   1,   0) ti(   0,   2,   3) 94
   312	gd(   2,   3,   4) bd(   2,   3,   4) bi(   1,   1,   0) ti(   1,   2,   3) 95
   313	gd(   2,   3,   4) bd(   2,   3,   4) bi(   1,   0,   0) ti(   0,   0,   0) 24
   314	gd(   2,   3,   4) bd(   2,   3,   4) bi(   1,   0,   0) ti(   1,   0,   0) 25
   315	gd(   2,   3,   4) bd(   2,   3,   4) bi(   1,   0,   0) ti(   0,   1,   0) 26
   316	gd(   2,   3,   4) bd(   2,   3,   4) bi(   1,   0,   0) ti(   1,   1,   0) 27
   317	gd(   2,   3,   4) bd(   2,   3,   4) bi(   1,   0,   0) ti(   0,   2,   0) 28
   318	gd(   2,   3,   4) bd(   2,   3,   4) bi(   1,   0,   0) ti(   1,   2,   0) 29
   319	gd(   2,   3,   4) bd(   2,   3,   4) bi(   1,   0,   0) ti(   0,   0,   1) 30
   320	gd(   2,   3,   4) bd(   2,   3,   4) bi(   1,   0,   0) ti(   1,   0,   1) 31
   321	gd(   2,   3,   4) bd(   2,   3,   4) bi(   1,   0,   0) ti(   0,   1,   1) 32
   322	gd(   2,   3,   4) bd(   2,   3,   4) bi(   1,   0,   0) ti(   1,   1,   1) 33
   323	gd(   2,   3,   4) bd(   2,   3,   4) bi(   1,   0,   0) ti(   0,   2,   1) 34
   324	gd(   2,   3,   4) bd(   2,   3,   4) bi(   1,   0,   0) ti(   1,   2,   1) 35
   325	gd(   2,   3,   4) bd(   2,   3,   4) bi(   1,   0,   0) ti(   0,   0,   2) 36
   326	gd(   2,   3,   4) bd(   2,   3,   4) bi(   1,   0,   0) ti(   1,   0,   2) 37
   327	gd(   2,   3,   4) bd(   2,   3,   4) bi(   1,   0,   0) ti(   0,   1,   2) 38
   328	gd(   2,   3,   4) bd(   2,   3,   4) bi(   1,   0,   0) ti(   1,   1,   2) 39
   329	gd(   2,   3,   4) bd(   2,   3,   4) bi(   1,   0,   0) ti(   0,   2,   2) 40
   330	gd(   2,   3,   4) bd(   2,   3,   4) bi(   1,   0,   0) ti(   1,   2,   2) 41
   331	gd(   2,   3,   4) bd(   2,   3,   4) bi(   1,   0,   0) ti(   0,   0,   3) 42
   332	gd(   2,   3,   4) bd(   2,   3,   4) bi(   1,   0,   0) ti(   1,   0,   3) 43
   333	gd(   2,   3,   4) bd(   2,   3,   4) bi(   1,   0,   0) ti(   0,   1,   3) 44
   334	gd(   2,   3,   4) bd(   2,   3,   4) bi(   1,   0,   0) ti(   1,   1,   3) 45
   335	gd(   2,   3,   4) bd(   2,   3,   4) bi(   1,   0,   0) ti(   0,   2,   3) 46
   336	gd(   2,   3,   4) bd(   2,   3,   4) bi(   1,   0,   0) ti(   1,   2,   3) 47
   337	gd(   2,   3,   4) bd(   2,   3,   4) bi(   1,   2,   0) ti(   0,   0,   0) 120
   338	gd(   2,   3,   4) bd(   2,   3,   4) bi(   1,   2,   0) ti(   1,   0,   0) 121
   339	gd(   2,   3,   4) bd(   2,   3,   4) bi(   1,   2,   0) ti(   0,   1,   0) 122
   340	gd(   2,   3,   4) bd(   2,   3,   4) bi(   1,   2,   0) ti(   1,   1,   0) 123
   341	gd(   2,   3,   4) bd(   2,   3,   4) bi(   1,   2,   0) ti(   0,   2,   0) 124
   342	gd(   2,   3,   4) bd(   2,   3,   4) bi(   1,   2,   0) ti(   1,   2,   0) 125
   343	gd(   2,   3,   4) bd(   2,   3,   4) bi(   1,   2,   0) ti(   0,   0,   1) 126
   344	gd(   2,   3,   4) bd(   2,   3,   4) bi(   1,   2,   0) ti(   1,   0,   1) 127
   345	gd(   2,   3,   4) bd(   2,   3,   4) bi(   1,   2,   0) ti(   0,   1,   1) 128
   346	gd(   2,   3,   4) bd(   2,   3,   4) bi(   1,   2,   0) ti(   1,   1,   1) 129
   347	gd(   2,   3,   4) bd(   2,   3,   4) bi(   1,   2,   0) ti(   0,   2,   1) 130
   348	gd(   2,   3,   4) bd(   2,   3,   4) bi(   1,   2,   0) ti(   1,   2,   1) 131
   349	gd(   2,   3,   4) bd(   2,   3,   4) bi(   1,   2,   0) ti(   0,   0,   2) 132
   350	gd(   2,   3,   4) bd(   2,   3,   4) bi(   1,   2,   0) ti(   1,   0,   2) 133
   351	gd(   2,   3,   4) bd(   2,   3,   4) bi(   1,   2,   0) ti(   0,   1,   2) 134
   352	gd(   2,   3,   4) bd(   2,   3,   4) bi(   1,   2,   0) ti(   1,   1,   2) 135
   353	gd(   2,   3,   4) bd(   2,   3,   4) bi(   1,   2,   0) ti(   0,   2,   2) 136
   354	gd(   2,   3,   4) bd(   2,   3,   4) bi(   1,   2,   0) ti(   1,   2,   2) 137
   355	gd(   2,   3,   4) bd(   2,   3,   4) bi(   1,   2,   0) ti(   0,   0,   3) 138
   356	gd(   2,   3,   4) bd(   2,   3,   4) bi(   1,   2,   0) ti(   1,   0,   3) 139
   357	gd(   2,   3,   4) bd(   2,   3,   4) bi(   1,   2,   0) ti(   0,   1,   3) 140
   358	gd(   2,   3,   4) bd(   2,   3,   4) bi(   1,   2,   0) ti(   1,   1,   3) 141
   359	gd(   2,   3,   4) bd(   2,   3,   4) bi(   1,   2,   0) ti(   0,   2,   3) 142
   360	gd(   2,   3,   4) bd(   2,   3,   4) bi(   1,   2,   0) ti(   1,   2,   3) 143
   361	gd(   2,   3,   4) bd(   2,   3,   4) bi(   0,   1,   3) ti(   0,   0,   0) 480
   362	gd(   2,   3,   4) bd(   2,   3,   4) bi(   0,   1,   3) ti(   1,   0,   0) 481
   363	gd(   2,   3,   4) bd(   2,   3,   4) bi(   0,   1,   3) ti(   0,   1,   0) 482
   364	gd(   2,   3,   4) bd(   2,   3,   4) bi(   0,   1,   3) ti(   1,   1,   0) 483
   365	gd(   2,   3,   4) bd(   2,   3,   4) bi(   0,   1,   3) ti(   0,   2,   0) 484
   366	gd(   2,   3,   4) bd(   2,   3,   4) bi(   0,   1,   3) ti(   1,   2,   0) 485
   367	gd(   2,   3,   4) bd(   2,   3,   4) bi(   0,   1,   3) ti(   0,   0,   1) 486
   368	gd(   2,   3,   4) bd(   2,   3,   4) bi(   0,   1,   3) ti(   1,   0,   1) 487
   369	gd(   2,   3,   4) bd(   2,   3,   4) bi(   0,   1,   3) ti(   0,   1,   1) 488
   370	gd(   2,   3,   4) bd(   2,   3,   4) bi(   0,   1,   3) ti(   1,   1,   1) 489
   371	gd(   2,   3,   4) bd(   2,   3,   4) bi(   0,   1,   3) ti(   0,   2,   1) 490
   372	gd(   2,   3,   4) bd(   2,   3,   4) bi(   0,   1,   3) ti(   1,   2,   1) 491
   373	gd(   2,   3,   4) bd(   2,   3,   4) bi(   0,   1,   3) ti(   0,   0,   2) 492
   374	gd(   2,   3,   4) bd(   2,   3,   4) bi(   0,   1,   3) ti(   1,   0,   2) 493
   375	gd(   2,   3,   4) bd(   2,   3,   4) bi(   0,   1,   3) ti(   0,   1,   2) 494
   376	gd(   2,   3,   4) bd(   2,   3,   4) bi(   0,   1,   3) ti(   1,   1,   2) 495
   377	gd(   2,   3,   4) bd(   2,   3,   4) bi(   0,   1,   3) ti(   0,   2,   2) 496
   378	gd(   2,   3,   4) bd(   2,   3,   4) bi(   0,   1,   3) ti(   1,   2,   2) 497
   379	gd(   2,   3,   4) bd(   2,   3,   4) bi(   0,   1,   3) ti(   0,   0,   3) 498
   380	gd(   2,   3,   4) bd(   2,   3,   4) bi(   0,   1,   3) ti(   1,   0,   3) 499
   381	gd(   2,   3,   4) bd(   2,   3,   4) bi(   0,   1,   3) ti(   0,   1,   3) 500
   382	gd(   2,   3,   4) bd(   2,   3,   4) bi(   0,   1,   3) ti(   1,   1,   3) 501
   383	gd(   2,   3,   4) bd(   2,   3,   4) bi(   0,   1,   3) ti(   0,   2,   3) 502
   384	gd(   2,   3,   4) bd(   2,   3,   4) bi(   0,   1,   3) ti(   1,   2,   3) 503
   385	gd(   2,   3,   4) bd(   2,   3,   4) bi(   0,   2,   3) ti(   0,   0,   0) 528
   386	gd(   2,   3,   4) bd(   2,   3,   4) bi(   0,   2,   3) ti(   1,   0,   0) 529
   387	gd(   2,   3,   4) bd(   2,   3,   4) bi(   0,   2,   3) ti(   0,   1,   0) 530
   388	gd(   2,   3,   4) bd(   2,   3,   4) bi(   0,   2,   3) ti(   1,   1,   0) 531
   389	gd(   2,   3,   4) bd(   2,   3,   4) bi(   0,   2,   3) ti(   0,   2,   0) 532
   390	gd(   2,   3,   4) bd(   2,   3,   4) bi(   0,   2,   3) ti(   1,   2,   0) 533
   391	gd(   2,   3,   4) bd(   2,   3,   4) bi(   0,   2,   3) ti(   0,   0,   1) 534
   392	gd(   2,   3,   4) bd(   2,   3,   4) bi(   0,   2,   3) ti(   1,   0,   1) 535
   393	gd(   2,   3,   4) bd(   2,   3,   4) bi(   0,   2,   3) ti(   0,   1,   1) 536
   394	gd(   2,   3,   4) bd(   2,   3,   4) bi(   0,   2,   3) ti(   1,   1,   1) 537
   395	gd(   2,   3,   4) bd(   2,   3,   4) bi(   0,   2,   3) ti(   0,   2,   1) 538
   396	gd(   2,   3,   4) bd(   2,   3,   4) bi(   0,   2,   3) ti(   1,   2,   1) 539
   397	gd(   2,   3,   4) bd(   2,   3,   4) bi(   0,   2,   3) ti(   0,   0,   2) 540
   398	gd(   2,   3,   4) bd(   2,   3,   4) bi(   0,   2,   3) ti(   1,   0,   2) 541
   399	gd(   2,   3,   4) bd(   2,   3,   4) bi(   0,   2,   3) ti(   0,   1,   2) 542
   400	gd(   2,   3,   4) bd(   2,   3,   4) bi(   0,   2,   3) ti(   1,   1,   2) 543
   401	gd(   2,   3,   4) bd(   2,   3,   4) bi(   0,   2,   3) ti(   0,   2,   2) 544
   402	gd(   2,   3,   4) bd(   2,   3,   4) bi(   0,   2,   3) ti(   1,   2,   2) 545
   403	gd(   2,   3,   4) bd(   2,   3,   4) bi(   0,   2,   3) ti(   0,   0,   3) 546
   404	gd(   2,   3,   4) bd(   2,   3,   4) bi(   0,   2,   3) ti(   1,   0,   3) 547
   405	gd(   2,   3,   4) bd(   2,   3,   4) bi(   0,   2,   3) ti(   0,   1,   3) 548
   406	gd(   2,   3,   4) bd(   2,   3,   4) bi(   0,   2,   3) ti(   1,   1,   3) 549
   407	gd(   2,   3,   4) bd(   2,   3,   4) bi(   0,   2,   3) ti(   0,   2,   3) 550
   408	gd(   2,   3,   4) bd(   2,   3,   4) bi(   0,   2,   3) ti(   1,   2,   3) 551
   409	gd(   2,   3,   4) bd(   2,   3,   4) bi(   1,   1,   2) ti(   0,   0,   0) 360
   410	gd(   2,   3,   4) bd(   2,   3,   4) bi(   1,   1,   2) ti(   1,   0,   0) 361
   411	gd(   2,   3,   4) bd(   2,   3,   4) bi(   1,   1,   2) ti(   0,   1,   0) 362
   412	gd(   2,   3,   4) bd(   2,   3,   4) bi(   1,   1,   2) ti(   1,   1,   0) 363
   413	gd(   2,   3,   4) bd(   2,   3,   4) bi(   1,   1,   2) ti(   0,   2,   0) 364
   414	gd(   2,   3,   4) bd(   2,   3,   4) bi(   1,   1,   2) ti(   1,   2,   0) 365
   415	gd(   2,   3,   4) bd(   2,   3,   4) bi(   1,   1,   2) ti(   0,   0,   1) 366
   416	gd(   2,   3,   4) bd(   2,   3,   4) bi(   1,   1,   2) ti(   1,   0,   1) 367
   417	gd(   2,   3,   4) bd(   2,   3,   4) bi(   1,   1,   2) ti(   0,   1,   1) 368
   418	gd(   2,   3,   4) bd(   2,   3,   4) bi(   1,   1,   2) ti(   1,   1,   1) 369
   419	gd(   2,   3,   4) bd(   2,   3,   4) bi(   1,   1,   2) ti(   0,   2,   1) 370
   420	gd(   2,   3,   4) bd(   2,   3,   4) bi(   1,   1,   2) ti(   1,   2,   1) 371
   421	gd(   2,   3,   4) bd(   2,   3,   4) bi(   1,   1,   2) ti(   0,   0,   2) 372
   422	gd(   2,   3,   4) bd(   2,   3,   4) bi(   1,   1,   2) ti(   1,   0,   2) 373
   423	gd(   2,   3,   4) bd(   2,   3,   4) bi(   1,   1,   2) ti(   0,   1,   2) 374
   424	gd(   2,   3,   4) bd(   2,   3,   4) bi(   1,   1,   2) ti(   1,   1,   2) 375
   425	gd(   2,   3,   4) bd(   2,   3,   4) bi(   1,   1,   2) ti(   0,   2,   2) 376
   426	gd(   2,   3,   4) bd(   2,   3,   4) bi(   1,   1,   2) ti(   1,   2,   2) 377
   427	gd(   2,   3,   4) bd(   2,   3,   4) bi(   1,   1,   2) ti(   0,   0,   3) 378
   428	gd(   2,   3,   4) bd(   2,   3,   4) bi(   1,   1,   2) ti(   1,   0,   3) 379
   429	gd(   2,   3,   4) bd(   2,   3,   4) bi(   1,   1,   2) ti(   0,   1,   3) 380
   430	gd(   2,   3,   4) bd(   2,   3,   4) bi(   1,   1,   2) ti(   1,   1,   3) 381
   431	gd(   2,   3,   4) bd(   2,   3,   4) bi(   1,   1,   2) ti(   0,   2,   3) 382
   432	gd(   2,   3,   4) bd(   2,   3,   4) bi(   1,   1,   2) ti(   1,   2,   3) 383
   433	gd(   2,   3,   4) bd(   2,   3,   4) bi(   0,   1,   2) ti(   0,   0,   0) 336
   434	gd(   2,   3,   4) bd(   2,   3,   4) bi(   0,   1,   2) ti(   1,   0,   0) 337
   435	gd(   2,   3,   4) bd(   2,   3,   4) bi(   0,   1,   2) ti(   0,   1,   0) 338
   436	gd(   2,   3,   4) bd(   2,   3,   4) bi(   0,   1,   2) ti(   1,   1,   0) 339
   437	gd(   2,   3,   4) bd(   2,   3,   4) bi(   0,   1,   2) ti(   0,   2,   0) 340
   438	gd(   2,   3,   4) bd(   2,   3,   4) bi(   0,   1,   2) ti(   1,   2,   0) 341
   439	gd(   2,   3,   4) bd(   2,   3,   4) bi(   0,   1,   2) ti(   0,   0,   1) 342
   440	gd(   2,   3,   4) bd(   2,   3,   4) bi(   0,   1,   2) ti(   1,   0,   1) 343
   441	gd(   2,   3,   4) bd(   2,   3,   4) bi(   0,   1,   2) ti(   0,   1,   1) 344
   442	gd(   2,   3,   4) bd(   2,   3,   4) bi(   0,   1,   2) ti(   1,   1,   1) 345
   443	gd(   2,   3,   4) bd(   2,   3,   4) bi(   0,   1,   2) ti(   0,   2,   1) 346
   444	gd(   2,   3,   4) bd(   2,   3,   4) bi(   0,   1,   2) ti(   1,   2,   1) 347
   445	gd(   2,   3,   4) bd(   2,   3,   4) bi(   0,   1,   2) ti(   0,   0,   2) 348
   446	gd(   2,   3,   4) bd(   2,   3,   4) bi(   0,   1,   2) ti(   1,   0,   2) 349
   447	gd(   2,   3,   4) bd(   2,   3,   4) bi(   0,   1,   2) ti(   0,   1,   2) 350
   448	gd(   2,   3,   4) bd(   2,   3,   4) bi(   0,   1,   2) ti(   1,   1,   2) 351
   449	gd(   2,   3,   4) bd(   2,   3,   4) bi(   0,   1,   2) ti(   0,   2,   2) 352
   450	gd(   2,   3,   4) bd(   2,   3,   4) bi(   0,   1,   2) ti(   1,   2,   2) 353
   451	gd(   2,   3,   4) bd(   2,   3,   4) bi(   0,   1,   2) ti(   0,   0,   3) 354
   452	gd(   2,   3,   4) bd(   2,   3,   4) bi(   0,   1,   2) ti(   1,   0,   3) 355
   453	gd(   2,   3,   4) bd(   2,   3,   4) bi(   0,   1,   2) ti(   0,   1,   3) 356
   454	gd(   2,   3,   4) bd(   2,   3,   4) bi(   0,   1,   2) ti(   1,   1,   3) 357
   455	gd(   2,   3,   4) bd(   2,   3,   4) bi(   0,   1,   2) ti(   0,   2,   3) 358
   456	gd(   2,   3,   4) bd(   2,   3,   4) bi(   0,   1,   2) ti(   1,   2,   3) 359
   457	gd(   2,   3,   4) bd(   2,   3,   4) bi(   0,   0,   1) ti(   0,   0,   0) 144
   458	gd(   2,   3,   4) bd(   2,   3,   4) bi(   0,   0,   1) ti(   1,   0,   0) 145
   459	gd(   2,   3,   4) bd(   2,   3,   4) bi(   0,   0,   1) ti(   0,   1,   0) 146
   460	gd(   2,   3,   4) bd(   2,   3,   4) bi(   0,   0,   1) ti(   1,   1,   0) 147
   461	gd(   2,   3,   4) bd(   2,   3,   4) bi(   0,   0,   1) ti(   0,   2,   0) 148
   462	gd(   2,   3,   4) bd(   2,   3,   4) bi(   0,   0,   1) ti(   1,   2,   0) 149
   463	gd(   2,   3,   4) bd(   2,   3,   4) bi(   0,   0,   1) ti(   0,   0,   1) 150
   464	gd(   2,   3,   4) bd(   2,   3,   4) bi(   0,   0,   1) ti(   1,   0,   1) 151
   465	gd(   2,   3,   4) bd(   2,   3,   4) bi(   0,   0,   1) ti(   0,   1,   1) 152
   466	gd(   2,   3,   4) bd(   2,   3,   4) bi(   0,   0,   1) ti(   1,   1,   1) 153
   467	gd(   2,   3,   4) bd(   2,   3,   4) bi(   0,   0,   1) ti(   0,   2,   1) 154
   468	gd(   2,   3,   4) bd(   2,   3,   4) bi(   0,   0,   1) ti(   1,   2,   1) 155
   469	gd(   2,   3,   4) bd(   2,   3,   4) bi(   0,   0,   1) ti(   0,   0,   2) 156
   470	gd(   2,   3,   4) bd(   2,   3,   4) bi(   0,   0,   1) ti(   1,   0,   2) 157
   471	gd(   2,   3,   4) bd(   2,   3,   4) bi(   0,   0,   1) ti(   0,   1,   2) 158
   472	gd(   2,   3,   4) bd(   2,   3,   4) bi(   0,   0,   1) ti(   1,   1,   2) 159
   473	gd(   2,   3,   4) bd(   2,   3,   4) bi(   0,   0,   1) ti(   0,   2,   2) 160
   474	gd(   2,   3,   4) bd(   2,   3,   4) bi(   0,   0,   1) ti(   1,   2,   2) 161
   475	gd(   2,   3,   4) bd(   2,   3,   4) bi(   0,   0,   1) ti(   0,   0,   3) 162
   476	gd(   2,   3,   4) bd(   2,   3,   4) bi(   0,   0,   1) ti(   1,   0,   3) 163
   477	gd(   2,   3,   4) bd(   2,   3,   4) bi(   0,   0,   1) ti(   0,   1,   3) 164
   478	gd(   2,   3,   4) bd(   2,   3,   4) bi(   0,   0,   1) ti(   1,   1,   3) 165
   479	gd(   2,   3,   4) bd(   2,   3,   4) bi(   0,   0,   1) ti(   0,   2,   3) 166
   480	gd(   2,   3,   4) bd(   2,   3,   4) bi(   0,   0,   1) ti(   1,   2,   3) 167
   481	gd(   2,   3,   4) bd(   2,   3,   4) bi(   0,   2,   2) ti(   0,   0,   0) 384
   482	gd(   2,   3,   4) bd(   2,   3,   4) bi(   0,   2,   2) ti(   1,   0,   0) 385
   483	gd(   2,   3,   4) bd(   2,   3,   4) bi(   0,   2,   2) ti(   0,   1,   0) 386
   484	gd(   2,   3,   4) bd(   2,   3,   4) bi(   0,   2,   2) ti(   1,   1,   0) 387
   485	gd(   2,   3,   4) bd(   2,   3,   4) bi(   0,   2,   2) ti(   0,   2,   0) 388
   486	gd(   2,   3,   4) bd(   2,   3,   4) bi(   0,   2,   2) ti(   1,   2,   0) 389
   487	gd(   2,   3,   4) bd(   2,   3,   4) bi(   0,   2,   2) ti(   0,   0,   1) 390
   488	gd(   2,   3,   4) bd(   2,   3,   4) bi(   0,   2,   2) ti(   1,   0,   1) 391
   489	gd(   2,   3,   4) bd(   2,   3,   4) bi(   0,   2,   2) ti(   0,   1,   1) 392
   490	gd(   2,   3,   4) bd(   2,   3,   4) bi(   0,   2,   2) ti(   1,   1,   1) 393
   491	gd(   2,   3,   4) bd(   2,   3,   4) bi(   0,   2,   2) ti(   0,   2,   1) 394
   492	gd(   2,   3,   4) bd(   2,   3,   4) bi(   0,   2,   2) ti(   1,   2,   1) 395
   493	gd(   2,   3,   4) bd(   2,   3,   4) bi(   0,   2,   2) ti(   0,   0,   2) 396
   494	gd(   2,   3,   4) bd(   2,   3,   4) bi(   0,   2,   2) ti(   1,   0,   2) 397
   495	gd(   2,   3,   4) bd(   2,   3,   4) bi(   0,   2,   2) ti(   0,   1,   2) 398
   496	gd(   2,   3,   4) bd(   2,   3,   4) bi(   0,   2,   2) ti(   1,   1,   2) 399
   497	gd(   2,   3,   4) bd(   2,   3,   4) bi(   0,   2,   2) ti(   0,   2,   2) 400
   498	gd(   2,   3,   4) bd(   2,   3,   4) bi(   0,   2,   2) ti(   1,   2,   2) 401
   499	gd(   2,   3,   4) bd(   2,   3,   4) bi(   0,   2,   2) ti(   0,   0,   3) 402
   500	gd(   2,   3,   4) bd(   2,   3,   4) bi(   0,   2,   2) ti(   1,   0,   3) 403
   501	gd(   2,   3,   4) bd(   2,   3,   4) bi(   0,   2,   2) ti(   0,   1,   3) 404
   502	gd(   2,   3,   4) bd(   2,   3,   4) bi(   0,   2,   2) ti(   1,   1,   3) 405
   503	gd(   2,   3,   4) bd(   2,   3,   4) bi(   0,   2,   2) ti(   0,   2,   3) 406
   504	gd(   2,   3,   4) bd(   2,   3,   4) bi(   0,   2,   2) ti(   1,   2,   3) 407
   505	gd(   2,   3,   4) bd(   2,   3,   4) bi(   0,   1,   0) ti(   0,   0,   0) 48
   506	gd(   2,   3,   4) bd(   2,   3,   4) bi(   0,   1,   0) ti(   1,   0,   0) 49
   507	gd(   2,   3,   4) bd(   2,   3,   4) bi(   0,   1,   0) ti(   0,   1,   0) 50
   508	gd(   2,   3,   4) bd(   2,   3,   4) bi(   0,   1,   0) ti(   1,   1,   0) 51
   509	gd(   2,   3,   4) bd(   2,   3,   4) bi(   0,   1,   0) ti(   0,   2,   0) 52
   510	gd(   2,   3,   4) bd(   2,   3,   4) bi(   0,   1,   0) ti(   1,   2,   0) 53
   511	gd(   2,   3,   4) bd(   2,   3,   4) bi(   0,   1,   0) ti(   0,   0,   1) 54
   512	gd(   2,   3,   4) bd(   2,   3,   4) bi(   0,   1,   0) ti(   1,   0,   1) 55
   513	gd(   2,   3,   4) bd(   2,   3,   4) bi(   0,   1,   0) ti(   0,   1,   1) 56
   514	gd(   2,   3,   4) bd(   2,   3,   4) bi(   0,   1,   0) ti(   1,   1,   1) 57
   515	gd(   2,   3,   4) bd(   2,   3,   4) bi(   0,   1,   0) ti(   0,   2,   1) 58
   516	gd(   2,   3,   4) bd(   2,   3,   4) bi(   0,   1,   0) ti(   1,   2,   1) 59
   517	gd(   2,   3,   4) bd(   2,   3,   4) bi(   0,   1,   0) ti(   0,   0,   2) 60
   518	gd(   2,   3,   4) bd(   2,   3,   4) bi(   0,   1,   0) ti(   1,   0,   2) 61
   519	gd(   2,   3,   4) bd(   2,   3,   4) bi(   0,   1,   0) ti(   0,   1,   2) 62
   520	gd(   2,   3,   4) bd(   2,   3,   4) bi(   0,   1,   0) ti(   1,   1,   2) 63
   521	gd(   2,   3,   4) bd(   2,   3,   4) bi(   0,   1,   0) ti(   0,   2,   2) 64
   522	gd(   2,   3,   4) bd(   2,   3,   4) bi(   0,   1,   0) ti(   1,   2,   2) 65
   523	gd(   2,   3,   4) bd(   2,   3,   4) bi(   0,   1,   0) ti(   0,   0,   3) 66
   524	gd(   2,   3,   4) bd(   2,   3,   4) bi(   0,   1,   0) ti(   1,   0,   3) 67
   525	gd(   2,   3,   4) bd(   2,   3,   4) bi(   0,   1,   0) ti(   0,   1,   3) 68
   526	gd(   2,   3,   4) bd(   2,   3,   4) bi(   0,   1,   0) ti(   1,   1,   3) 69
   527	gd(   2,   3,   4) bd(   2,   3,   4) bi(   0,   1,   0) ti(   0,   2,   3) 70
   528	gd(   2,   3,   4) bd(   2,   3,   4) bi(   0,   1,   0) ti(   1,   2,   3) 71
   529	gd(   2,   3,   4) bd(   2,   3,   4) bi(   1,   0,   1) ti(   0,   0,   0) 168
   530	gd(   2,   3,   4) bd(   2,   3,   4) bi(   1,   0,   1) ti(   1,   0,   0) 169
   531	gd(   2,   3,   4) bd(   2,   3,   4) bi(   1,   0,   1) ti(   0,   1,   0) 170
   532	gd(   2,   3,   4) bd(   2,   3,   4) bi(   1,   0,   1) ti(   1,   1,   0) 171
   533	gd(   2,   3,   4) bd(   2,   3,   4) bi(   1,   0,   1) ti(   0,   2,   0) 172
   534	gd(   2,   3,   4) bd(   2,   3,   4) bi(   1,   0,   1) ti(   1,   2,   0) 173
   535	gd(   2,   3,   4) bd(   2,   3,   4) bi(   1,   0,   1) ti(   0,   0,   1) 174
   536	gd(   2,   3,   4) bd(   2,   3,   4) bi(   1,   0,   1) ti(   1,   0,   1) 175
   537	gd(   2,   3,   4) bd(   2,   3,   4) bi(   1,   0,   1) ti(   0,   1,   1) 176
   538	gd(   2,   3,   4) bd(   2,   3,   4) bi(   1,   0,   1) ti(   1,   1,   1) 177
   539	gd(   2,   3,   4) bd(   2,   3,   4) bi(   1,   0,   1) ti(   0,   2,   1) 178
   540	gd(   2,   3,   4) bd(   2,   3,   4) bi(   1,   0,   1) ti(   1,   2,   1) 179
   541	gd(   2,   3,   4) bd(   2,   3,   4) bi(   1,   0,   1) ti(   0,   0,   2) 180
   542	gd(   2,   3,   4) bd(   2,   3,   4) bi(   1,   0,   1) ti(   1,   0,   2) 181
   543	gd(   2,   3,   4) bd(   2,   3,   4) bi(   1,   0,   1) ti(   0,   1,   2) 182
   544	gd(   2,   3,   4) bd(   2,   3,   4) bi(   1,   0,   1) ti(   1,   1,   2) 183
   545	gd(   2,   3,   4) bd(   2,   3,   4) bi(   1,   0,   1) ti(   0,   2,   2) 184
   546	gd(   2,   3,   4) bd(   2,   3,   4) bi(   1,   0,   1) ti(   1,   2,   2) 185
   547	gd(   2,   3,   4) bd(   2,   3,   4) bi(   1,   0,   1) ti(   0,   0,   3) 186
   548	gd(   2,   3,   4) bd(   2,   3,   4) bi(   1,   0,   1) ti(   1,   0,   3) 187
   549	gd(   2,   3,   4) bd(   2,   3,   4) bi(   1,   0,   1) ti(   0,   1,   3) 188
   550	gd(   2,   3,   4) bd(   2,   3,   4) bi(   1,   0,   1) ti(   1,   1,   3) 189
   551	gd(   2,   3,   4) bd(   2,   3,   4) bi(   1,   0,   1) ti(   0,   2,   3) 190
   552	gd(   2,   3,   4) bd(   2,   3,   4) bi(   1,   0,   1) ti(   1,   2,   3) 191
   553	gd(   2,   3,   4) bd(   2,   3,   4) bi(   0,   2,   0) ti(   0,   0,   0) 96
   554	gd(   2,   3,   4) bd(   2,   3,   4) bi(   0,   2,   0) ti(   1,   0,   0) 97
   555	gd(   2,   3,   4) bd(   2,   3,   4) bi(   0,   2,   0) ti(   0,   1,   0) 98
   556	gd(   2,   3,   4) bd(   2,   3,   4) bi(   0,   2,   0) ti(   1,   1,   0) 99
   557	gd(   2,   3,   4) bd(   2,   3,   4) bi(   0,   2,   0) ti(   0,   2,   0) 100
   558	gd(   2,   3,   4) bd(   2,   3,   4) bi(   0,   2,   0) ti(   1,   2,   0) 101
   559	gd(   2,   3,   4) bd(   2,   3,   4) bi(   0,   2,   0) ti(   0,   0,   1) 102
   560	gd(   2,   3,   4) bd(   2,   3,   4) bi(   0,   2,   0) ti(   1,   0,   1) 103
   561	gd(   2,   3,   4) bd(   2,   3,   4) bi(   0,   2,   0) ti(   0,   1,   1) 104
   562	gd(   2,   3,   4) bd(   2,   3,   4) bi(   0,   2,   0) ti(   1,   1,   1) 105
   563	gd(   2,   3,   4) bd(   2,   3,   4) bi(   0,   2,   0) ti(   0,   2,   1) 106
   564	gd(   2,   3,   4) bd(   2,   3,   4) bi(   0,   2,   0) ti(   1,   2,   1) 107
   565	gd(   2,   3,   4) bd(   2,   3,   4) bi(   0,   2,   0) ti(   0,   0,   2) 108
   566	gd(   2,   3,   4) bd(   2,   3,   4) bi(   0,   2,   0) ti(   1,   0,   2) 109
   567	gd(   2,   3,   4) bd(   2,   3,   4) bi(   0,   2,   0) ti(   0,   1,   2) 110
   568	gd(   2,   3,   4) bd(   2,   3,   4) bi(   0,   2,   0) ti(   1,   1,   2) 111
   569	gd(   2,   3,   4) bd(   2,   3,   4) bi(   0,   2,   0) ti(   0,   2,   2) 112
   570	gd(   2,   3,   4) bd(   2,   3,   4) bi(   0,   2,   0) ti(   1,   2,   2) 113
   571	gd(   2,   3,   4) bd(   2,   3,   4) bi(   0,   2,   0) ti(   0,   0,   3) 114
   572	gd(   2,   3,   4) bd(   2,   3,   4) bi(   0,   2,   0) ti(   1,   0,   3) 115
   573	gd(   2,   3,   4) bd(   2,   3,   4) bi(   0,   2,   0) ti(   0,   1,   3) 116
   574	gd(   2,   3,   4) bd(   2,   3,   4) bi(   0,   2,   0) ti(   1,   1,   3) 117
   575	gd(   2,   3,   4) bd(   2,   3,   4) bi(   0,   2,   0) ti(   0,   2,   3) 118
   576	gd(   2,   3,   4) bd(   2,   3,   4) bi(   0,   2,   0) ti(   1,   2,   3) 119
