     1	gd(   1,   1,   1) bd(   2,   3,   4) bi(   0,   0,   0) ti(   0,   0,   0) 0
     2	gd(   1,   1,   1) bd(   2,   3,   4) bi(   0,   0,   0) ti(   1,   0,   0) 1
     3	gd(   1,   1,   1) bd(   2,   3,   4) bi(   0,   0,   0) ti(   0,   1,   0) 2
     4	gd(   1,   1,   1) bd(   2,   3,   4) bi(   0,   0,   0) ti(   1,   1,   0) 3
     5	gd(   1,   1,   1) bd(   2,   3,   4) bi(   0,   0,   0) ti(   0,   2,   0) 4
     6	gd(   1,   1,   1) bd(   2,   3,   4) bi(   0,   0,   0) ti(   1,   2,   0) 5
     7	gd(   1,   1,   1) bd(   2,   3,   4) bi(   0,   0,   0) ti(   0,   0,   1) 6
     8	gd(   1,   1,   1) bd(   2,   3,   4) bi(   0,   0,   0) ti(   1,   0,   1) 7
     9	gd(   1,   1,   1) bd(   2,   3,   4) bi(   0,   0,   0) ti(   0,   1,   1) 8
    10	gd(   1,   1,   1) bd(   2,   3,   4) bi(   0,   0,   0) ti(   1,   1,   1) 9
    11	gd(   1,   1,   1) bd(   2,   3,   4) bi(   0,   0,   0) ti(   0,   2,   1) 10
    12	gd(   1,   1,   1) bd(   2,   3,   4) bi(   0,   0,   0) ti(   1,   2,   1) 11
    13	gd(   1,   1,   1) bd(   2,   3,   4) bi(   0,   0,   0) ti(   0,   0,   2) 12
    14	gd(   1,   1,   1) bd(   2,   3,   4) bi(   0,   0,   0) ti(   1,   0,   2) 13
    15	gd(   1,   1,   1) bd(   2,   3,   4) bi(   0,   0,   0) ti(   0,   1,   2) 14
    16	gd(   1,   1,   1) bd(   2,   3,   4) bi(   0,   0,   0) ti(   1,   1,   2) 15
    17	gd(   1,   1,   1) bd(   2,   3,   4) bi(   0,   0,   0) ti(   0,   2,   2) 16
    18	gd(   1,   1,   1) bd(   2,   3,   4) bi(   0,   0,   0) ti(   1,   2,   2) 17
    19	gd(   1,   1,   1) bd(   2,   3,   4) bi(   0,   0,   0) ti(   0,   0,   3) 18
    20	gd(   1,   1,   1) bd(   2,   3,   4) bi(   0,   0,   0) ti(   1,   0,   3) 19
    21	gd(   1,   1,   1) bd(   2,   3,   4) bi(   0,   0,   0) ti(   0,   1,   3) 20
    22	gd(   1,   1,   1) bd(   2,   3,   4) bi(   0,   0,   0) ti(   1,   1,   3) 21
    23	gd(   1,   1,   1) bd(   2,   3,   4) bi(   0,   0,   0) ti(   0,   2,   3) 22
    24	gd(   1,   1,   1) bd(   2,   3,   4) bi(   0,   0,   0) ti(   1,   2,   3) 23
