     1	gd(   2,   1,   1) bd(   2,   3,   4) bi(   1,   0,   0) ti(   0,   0,   0) 24
     2	gd(   2,   1,   1) bd(   2,   3,   4) bi(   1,   0,   0) ti(   1,   0,   0) 25
     3	gd(   2,   1,   1) bd(   2,   3,   4) bi(   1,   0,   0) ti(   0,   1,   0) 26
     4	gd(   2,   1,   1) bd(   2,   3,   4) bi(   1,   0,   0) ti(   1,   1,   0) 27
     5	gd(   2,   1,   1) bd(   2,   3,   4) bi(   1,   0,   0) ti(   0,   2,   0) 28
     6	gd(   2,   1,   1) bd(   2,   3,   4) bi(   1,   0,   0) ti(   1,   2,   0) 29
     7	gd(   2,   1,   1) bd(   2,   3,   4) bi(   1,   0,   0) ti(   0,   0,   1) 30
     8	gd(   2,   1,   1) bd(   2,   3,   4) bi(   1,   0,   0) ti(   1,   0,   1) 31
     9	gd(   2,   1,   1) bd(   2,   3,   4) bi(   1,   0,   0) ti(   0,   1,   1) 32
    10	gd(   2,   1,   1) bd(   2,   3,   4) bi(   1,   0,   0) ti(   1,   1,   1) 33
    11	gd(   2,   1,   1) bd(   2,   3,   4) bi(   1,   0,   0) ti(   0,   2,   1) 34
    12	gd(   2,   1,   1) bd(   2,   3,   4) bi(   1,   0,   0) ti(   1,   2,   1) 35
    13	gd(   2,   1,   1) bd(   2,   3,   4) bi(   1,   0,   0) ti(   0,   0,   2) 36
    14	gd(   2,   1,   1) bd(   2,   3,   4) bi(   1,   0,   0) ti(   1,   0,   2) 37
    15	gd(   2,   1,   1) bd(   2,   3,   4) bi(   1,   0,   0) ti(   0,   1,   2) 38
    16	gd(   2,   1,   1) bd(   2,   3,   4) bi(   1,   0,   0) ti(   1,   1,   2) 39
    17	gd(   2,   1,   1) bd(   2,   3,   4) bi(   1,   0,   0) ti(   0,   2,   2) 40
    18	gd(   2,   1,   1) bd(   2,   3,   4) bi(   1,   0,   0) ti(   1,   2,   2) 41
    19	gd(   2,   1,   1) bd(   2,   3,   4) bi(   1,   0,   0) ti(   0,   0,   3) 42
    20	gd(   2,   1,   1) bd(   2,   3,   4) bi(   1,   0,   0) ti(   1,   0,   3) 43
    21	gd(   2,   1,   1) bd(   2,   3,   4) bi(   1,   0,   0) ti(   0,   1,   3) 44
    22	gd(   2,   1,   1) bd(   2,   3,   4) bi(   1,   0,   0) ti(   1,   1,   3) 45
    23	gd(   2,   1,   1) bd(   2,   3,   4) bi(   1,   0,   0) ti(   0,   2,   3) 46
    24	gd(   2,   1,   1) bd(   2,   3,   4) bi(   1,   0,   0) ti(   1,   2,   3) 47
    25	gd(   2,   1,   1) bd(   2,   3,   4) bi(   0,   0,   0) ti(   0,   0,   0) 0
    26	gd(   2,   1,   1) bd(   2,   3,   4) bi(   0,   0,   0) ti(   1,   0,   0) 1
    27	gd(   2,   1,   1) bd(   2,   3,   4) bi(   0,   0,   0) ti(   0,   1,   0) 2
    28	gd(   2,   1,   1) bd(   2,   3,   4) bi(   0,   0,   0) ti(   1,   1,   0) 3
    29	gd(   2,   1,   1) bd(   2,   3,   4) bi(   0,   0,   0) ti(   0,   2,   0) 4
    30	gd(   2,   1,   1) bd(   2,   3,   4) bi(   0,   0,   0) ti(   1,   2,   0) 5
    31	gd(   2,   1,   1) bd(   2,   3,   4) bi(   0,   0,   0) ti(   0,   0,   1) 6
    32	gd(   2,   1,   1) bd(   2,   3,   4) bi(   0,   0,   0) ti(   1,   0,   1) 7
    33	gd(   2,   1,   1) bd(   2,   3,   4) bi(   0,   0,   0) ti(   0,   1,   1) 8
    34	gd(   2,   1,   1) bd(   2,   3,   4) bi(   0,   0,   0) ti(   1,   1,   1) 9
    35	gd(   2,   1,   1) bd(   2,   3,   4) bi(   0,   0,   0) ti(   0,   2,   1) 10
    36	gd(   2,   1,   1) bd(   2,   3,   4) bi(   0,   0,   0) ti(   1,   2,   1) 11
    37	gd(   2,   1,   1) bd(   2,   3,   4) bi(   0,   0,   0) ti(   0,   0,   2) 12
    38	gd(   2,   1,   1) bd(   2,   3,   4) bi(   0,   0,   0) ti(   1,   0,   2) 13
    39	gd(   2,   1,   1) bd(   2,   3,   4) bi(   0,   0,   0) ti(   0,   1,   2) 14
    40	gd(   2,   1,   1) bd(   2,   3,   4) bi(   0,   0,   0) ti(   1,   1,   2) 15
    41	gd(   2,   1,   1) bd(   2,   3,   4) bi(   0,   0,   0) ti(   0,   2,   2) 16
    42	gd(   2,   1,   1) bd(   2,   3,   4) bi(   0,   0,   0) ti(   1,   2,   2) 17
    43	gd(   2,   1,   1) bd(   2,   3,   4) bi(   0,   0,   0) ti(   0,   0,   3) 18
    44	gd(   2,   1,   1) bd(   2,   3,   4) bi(   0,   0,   0) ti(   1,   0,   3) 19
    45	gd(   2,   1,   1) bd(   2,   3,   4) bi(   0,   0,   0) ti(   0,   1,   3) 20
    46	gd(   2,   1,   1) bd(   2,   3,   4) bi(   0,   0,   0) ti(   1,   1,   3) 21
    47	gd(   2,   1,   1) bd(   2,   3,   4) bi(   0,   0,   0) ti(   0,   2,   3) 22
    48	gd(   2,   1,   1) bd(   2,   3,   4) bi(   0,   0,   0) ti(   1,   2,   3) 23
