     1	gd(   2,   3,   1) bd(   2,   3,   4) bi(   1,   0,   0) ti(   0,   0,   0) 24
     2	gd(   2,   3,   1) bd(   2,   3,   4) bi(   1,   0,   0) ti(   1,   0,   0) 25
     3	gd(   2,   3,   1) bd(   2,   3,   4) bi(   1,   0,   0) ti(   0,   1,   0) 26
     4	gd(   2,   3,   1) bd(   2,   3,   4) bi(   1,   0,   0) ti(   1,   1,   0) 27
     5	gd(   2,   3,   1) bd(   2,   3,   4) bi(   1,   0,   0) ti(   0,   2,   0) 28
     6	gd(   2,   3,   1) bd(   2,   3,   4) bi(   1,   0,   0) ti(   1,   2,   0) 29
     7	gd(   2,   3,   1) bd(   2,   3,   4) bi(   1,   0,   0) ti(   0,   0,   1) 30
     8	gd(   2,   3,   1) bd(   2,   3,   4) bi(   1,   0,   0) ti(   1,   0,   1) 31
     9	gd(   2,   3,   1) bd(   2,   3,   4) bi(   1,   0,   0) ti(   0,   1,   1) 32
    10	gd(   2,   3,   1) bd(   2,   3,   4) bi(   1,   0,   0) ti(   1,   1,   1) 33
    11	gd(   2,   3,   1) bd(   2,   3,   4) bi(   1,   0,   0) ti(   0,   2,   1) 34
    12	gd(   2,   3,   1) bd(   2,   3,   4) bi(   1,   0,   0) ti(   1,   2,   1) 35
    13	gd(   2,   3,   1) bd(   2,   3,   4) bi(   1,   0,   0) ti(   0,   0,   2) 36
    14	gd(   2,   3,   1) bd(   2,   3,   4) bi(   1,   0,   0) ti(   1,   0,   2) 37
    15	gd(   2,   3,   1) bd(   2,   3,   4) bi(   1,   0,   0) ti(   0,   1,   2) 38
    16	gd(   2,   3,   1) bd(   2,   3,   4) bi(   1,   0,   0) ti(   1,   1,   2) 39
    17	gd(   2,   3,   1) bd(   2,   3,   4) bi(   1,   0,   0) ti(   0,   2,   2) 40
    18	gd(   2,   3,   1) bd(   2,   3,   4) bi(   1,   0,   0) ti(   1,   2,   2) 41
    19	gd(   2,   3,   1) bd(   2,   3,   4) bi(   1,   0,   0) ti(   0,   0,   3) 42
    20	gd(   2,   3,   1) bd(   2,   3,   4) bi(   1,   0,   0) ti(   1,   0,   3) 43
    21	gd(   2,   3,   1) bd(   2,   3,   4) bi(   1,   0,   0) ti(   0,   1,   3) 44
    22	gd(   2,   3,   1) bd(   2,   3,   4) bi(   1,   0,   0) ti(   1,   1,   3) 45
    23	gd(   2,   3,   1) bd(   2,   3,   4) bi(   1,   0,   0) ti(   0,   2,   3) 46
    24	gd(   2,   3,   1) bd(   2,   3,   4) bi(   1,   0,   0) ti(   1,   2,   3) 47
    25	gd(   2,   3,   1) bd(   2,   3,   4) bi(   0,   2,   0) ti(   0,   0,   0) 96
    26	gd(   2,   3,   1) bd(   2,   3,   4) bi(   0,   2,   0) ti(   1,   0,   0) 97
    27	gd(   2,   3,   1) bd(   2,   3,   4) bi(   0,   2,   0) ti(   0,   1,   0) 98
    28	gd(   2,   3,   1) bd(   2,   3,   4) bi(   0,   2,   0) ti(   1,   1,   0) 99
    29	gd(   2,   3,   1) bd(   2,   3,   4) bi(   0,   2,   0) ti(   0,   2,   0) 100
    30	gd(   2,   3,   1) bd(   2,   3,   4) bi(   0,   2,   0) ti(   1,   2,   0) 101
    31	gd(   2,   3,   1) bd(   2,   3,   4) bi(   0,   2,   0) ti(   0,   0,   1) 102
    32	gd(   2,   3,   1) bd(   2,   3,   4) bi(   0,   2,   0) ti(   1,   0,   1) 103
    33	gd(   2,   3,   1) bd(   2,   3,   4) bi(   0,   2,   0) ti(   0,   1,   1) 104
    34	gd(   2,   3,   1) bd(   2,   3,   4) bi(   0,   2,   0) ti(   1,   1,   1) 105
    35	gd(   2,   3,   1) bd(   2,   3,   4) bi(   0,   2,   0) ti(   0,   2,   1) 106
    36	gd(   2,   3,   1) bd(   2,   3,   4) bi(   0,   2,   0) ti(   1,   2,   1) 107
    37	gd(   2,   3,   1) bd(   2,   3,   4) bi(   0,   2,   0) ti(   0,   0,   2) 108
    38	gd(   2,   3,   1) bd(   2,   3,   4) bi(   0,   2,   0) ti(   1,   0,   2) 109
    39	gd(   2,   3,   1) bd(   2,   3,   4) bi(   0,   2,   0) ti(   0,   1,   2) 110
    40	gd(   2,   3,   1) bd(   2,   3,   4) bi(   0,   2,   0) ti(   1,   1,   2) 111
    41	gd(   2,   3,   1) bd(   2,   3,   4) bi(   0,   2,   0) ti(   0,   2,   2) 112
    42	gd(   2,   3,   1) bd(   2,   3,   4) bi(   0,   2,   0) ti(   1,   2,   2) 113
    43	gd(   2,   3,   1) bd(   2,   3,   4) bi(   0,   2,   0) ti(   0,   0,   3) 114
    44	gd(   2,   3,   1) bd(   2,   3,   4) bi(   0,   2,   0) ti(   1,   0,   3) 115
    45	gd(   2,   3,   1) bd(   2,   3,   4) bi(   0,   2,   0) ti(   0,   1,   3) 116
    46	gd(   2,   3,   1) bd(   2,   3,   4) bi(   0,   2,   0) ti(   1,   1,   3) 117
    47	gd(   2,   3,   1) bd(   2,   3,   4) bi(   0,   2,   0) ti(   0,   2,   3) 118
    48	gd(   2,   3,   1) bd(   2,   3,   4) bi(   0,   2,   0) ti(   1,   2,   3) 119
    49	gd(   2,   3,   1) bd(   2,   3,   4) bi(   0,   1,   0) ti(   0,   0,   0) 48
    50	gd(   2,   3,   1) bd(   2,   3,   4) bi(   0,   1,   0) ti(   1,   0,   0) 49
    51	gd(   2,   3,   1) bd(   2,   3,   4) bi(   0,   1,   0) ti(   0,   1,   0) 50
    52	gd(   2,   3,   1) bd(   2,   3,   4) bi(   0,   1,   0) ti(   1,   1,   0) 51
    53	gd(   2,   3,   1) bd(   2,   3,   4) bi(   0,   1,   0) ti(   0,   2,   0) 52
    54	gd(   2,   3,   1) bd(   2,   3,   4) bi(   0,   1,   0) ti(   1,   2,   0) 53
    55	gd(   2,   3,   1) bd(   2,   3,   4) bi(   0,   1,   0) ti(   0,   0,   1) 54
    56	gd(   2,   3,   1) bd(   2,   3,   4) bi(   0,   1,   0) ti(   1,   0,   1) 55
    57	gd(   2,   3,   1) bd(   2,   3,   4) bi(   0,   1,   0) ti(   0,   1,   1) 56
    58	gd(   2,   3,   1) bd(   2,   3,   4) bi(   0,   1,   0) ti(   1,   1,   1) 57
    59	gd(   2,   3,   1) bd(   2,   3,   4) bi(   0,   1,   0) ti(   0,   2,   1) 58
    60	gd(   2,   3,   1) bd(   2,   3,   4) bi(   0,   1,   0) ti(   1,   2,   1) 59
    61	gd(   2,   3,   1) bd(   2,   3,   4) bi(   0,   1,   0) ti(   0,   0,   2) 60
    62	gd(   2,   3,   1) bd(   2,   3,   4) bi(   0,   1,   0) ti(   1,   0,   2) 61
    63	gd(   2,   3,   1) bd(   2,   3,   4) bi(   0,   1,   0) ti(   0,   1,   2) 62
    64	gd(   2,   3,   1) bd(   2,   3,   4) bi(   0,   1,   0) ti(   1,   1,   2) 63
    65	gd(   2,   3,   1) bd(   2,   3,   4) bi(   0,   1,   0) ti(   0,   2,   2) 64
    66	gd(   2,   3,   1) bd(   2,   3,   4) bi(   0,   1,   0) ti(   1,   2,   2) 65
    67	gd(   2,   3,   1) bd(   2,   3,   4) bi(   0,   1,   0) ti(   0,   0,   3) 66
    68	gd(   2,   3,   1) bd(   2,   3,   4) bi(   0,   1,   0) ti(   1,   0,   3) 67
    69	gd(   2,   3,   1) bd(   2,   3,   4) bi(   0,   1,   0) ti(   0,   1,   3) 68
    70	gd(   2,   3,   1) bd(   2,   3,   4) bi(   0,   1,   0) ti(   1,   1,   3) 69
    71	gd(   2,   3,   1) bd(   2,   3,   4) bi(   0,   1,   0) ti(   0,   2,   3) 70
    72	gd(   2,   3,   1) bd(   2,   3,   4) bi(   0,   1,   0) ti(   1,   2,   3) 71
    73	gd(   2,   3,   1) bd(   2,   3,   4) bi(   1,   1,   0) ti(   0,   0,   0) 72
    74	gd(   2,   3,   1) bd(   2,   3,   4) bi(   1,   1,   0) ti(   1,   0,   0) 73
    75	gd(   2,   3,   1) bd(   2,   3,   4) bi(   1,   1,   0) ti(   0,   1,   0) 74
    76	gd(   2,   3,   1) bd(   2,   3,   4) bi(   1,   1,   0) ti(   1,   1,   0) 75
    77	gd(   2,   3,   1) bd(   2,   3,   4) bi(   1,   1,   0) ti(   0,   2,   0) 76
    78	gd(   2,   3,   1) bd(   2,   3,   4) bi(   1,   1,   0) ti(   1,   2,   0) 77
    79	gd(   2,   3,   1) bd(   2,   3,   4) bi(   1,   1,   0) ti(   0,   0,   1) 78
    80	gd(   2,   3,   1) bd(   2,   3,   4) bi(   1,   1,   0) ti(   1,   0,   1) 79
    81	gd(   2,   3,   1) bd(   2,   3,   4) bi(   1,   1,   0) ti(   0,   1,   1) 80
    82	gd(   2,   3,   1) bd(   2,   3,   4) bi(   1,   1,   0) ti(   1,   1,   1) 81
    83	gd(   2,   3,   1) bd(   2,   3,   4) bi(   1,   1,   0) ti(   0,   2,   1) 82
    84	gd(   2,   3,   1) bd(   2,   3,   4) bi(   1,   1,   0) ti(   1,   2,   1) 83
    85	gd(   2,   3,   1) bd(   2,   3,   4) bi(   1,   1,   0) ti(   0,   0,   2) 84
    86	gd(   2,   3,   1) bd(   2,   3,   4) bi(   1,   1,   0) ti(   1,   0,   2) 85
    87	gd(   2,   3,   1) bd(   2,   3,   4) bi(   1,   1,   0) ti(   0,   1,   2) 86
    88	gd(   2,   3,   1) bd(   2,   3,   4) bi(   1,   1,   0) ti(   1,   1,   2) 87
    89	gd(   2,   3,   1) bd(   2,   3,   4) bi(   1,   1,   0) ti(   0,   2,   2) 88
    90	gd(   2,   3,   1) bd(   2,   3,   4) bi(   1,   1,   0) ti(   1,   2,   2) 89
    91	gd(   2,   3,   1) bd(   2,   3,   4) bi(   1,   1,   0) ti(   0,   0,   3) 90
    92	gd(   2,   3,   1) bd(   2,   3,   4) bi(   1,   1,   0) ti(   1,   0,   3) 91
    93	gd(   2,   3,   1) bd(   2,   3,   4) bi(   1,   1,   0) ti(   0,   1,   3) 92
    94	gd(   2,   3,   1) bd(   2,   3,   4) bi(   1,   1,   0) ti(   1,   1,   3) 93
    95	gd(   2,   3,   1) bd(   2,   3,   4) bi(   1,   1,   0) ti(   0,   2,   3) 94
    96	gd(   2,   3,   1) bd(   2,   3,   4) bi(   1,   1,   0) ti(   1,   2,   3) 95
    97	gd(   2,   3,   1) bd(   2,   3,   4) bi(   1,   2,   0) ti(   0,   0,   0) 120
    98	gd(   2,   3,   1) bd(   2,   3,   4) bi(   1,   2,   0) ti(   1,   0,   0) 121
    99	gd(   2,   3,   1) bd(   2,   3,   4) bi(   1,   2,   0) ti(   0,   1,   0) 122
   100	gd(   2,   3,   1) bd(   2,   3,   4) bi(   1,   2,   0) ti(   1,   1,   0) 123
   101	gd(   2,   3,   1) bd(   2,   3,   4) bi(   1,   2,   0) ti(   0,   2,   0) 124
   102	gd(   2,   3,   1) bd(   2,   3,   4) bi(   1,   2,   0) ti(   1,   2,   0) 125
   103	gd(   2,   3,   1) bd(   2,   3,   4) bi(   1,   2,   0) ti(   0,   0,   1) 126
   104	gd(   2,   3,   1) bd(   2,   3,   4) bi(   1,   2,   0) ti(   1,   0,   1) 127
   105	gd(   2,   3,   1) bd(   2,   3,   4) bi(   1,   2,   0) ti(   0,   1,   1) 128
   106	gd(   2,   3,   1) bd(   2,   3,   4) bi(   1,   2,   0) ti(   1,   1,   1) 129
   107	gd(   2,   3,   1) bd(   2,   3,   4) bi(   1,   2,   0) ti(   0,   2,   1) 130
   108	gd(   2,   3,   1) bd(   2,   3,   4) bi(   1,   2,   0) ti(   1,   2,   1) 131
   109	gd(   2,   3,   1) bd(   2,   3,   4) bi(   1,   2,   0) ti(   0,   0,   2) 132
   110	gd(   2,   3,   1) bd(   2,   3,   4) bi(   1,   2,   0) ti(   1,   0,   2) 133
   111	gd(   2,   3,   1) bd(   2,   3,   4) bi(   1,   2,   0) ti(   0,   1,   2) 134
   112	gd(   2,   3,   1) bd(   2,   3,   4) bi(   1,   2,   0) ti(   1,   1,   2) 135
   113	gd(   2,   3,   1) bd(   2,   3,   4) bi(   1,   2,   0) ti(   0,   2,   2) 136
   114	gd(   2,   3,   1) bd(   2,   3,   4) bi(   1,   2,   0) ti(   1,   2,   2) 137
   115	gd(   2,   3,   1) bd(   2,   3,   4) bi(   1,   2,   0) ti(   0,   0,   3) 138
   116	gd(   2,   3,   1) bd(   2,   3,   4) bi(   1,   2,   0) ti(   1,   0,   3) 139
   117	gd(   2,   3,   1) bd(   2,   3,   4) bi(   1,   2,   0) ti(   0,   1,   3) 140
   118	gd(   2,   3,   1) bd(   2,   3,   4) bi(   1,   2,   0) ti(   1,   1,   3) 141
   119	gd(   2,   3,   1) bd(   2,   3,   4) bi(   1,   2,   0) ti(   0,   2,   3) 142
   120	gd(   2,   3,   1) bd(   2,   3,   4) bi(   1,   2,   0) ti(   1,   2,   3) 143
   121	gd(   2,   3,   1) bd(   2,   3,   4) bi(   0,   0,   0) ti(   0,   0,   0) 0
   122	gd(   2,   3,   1) bd(   2,   3,   4) bi(   0,   0,   0) ti(   1,   0,   0) 1
   123	gd(   2,   3,   1) bd(   2,   3,   4) bi(   0,   0,   0) ti(   0,   1,   0) 2
   124	gd(   2,   3,   1) bd(   2,   3,   4) bi(   0,   0,   0) ti(   1,   1,   0) 3
   125	gd(   2,   3,   1) bd(   2,   3,   4) bi(   0,   0,   0) ti(   0,   2,   0) 4
   126	gd(   2,   3,   1) bd(   2,   3,   4) bi(   0,   0,   0) ti(   1,   2,   0) 5
   127	gd(   2,   3,   1) bd(   2,   3,   4) bi(   0,   0,   0) ti(   0,   0,   1) 6
   128	gd(   2,   3,   1) bd(   2,   3,   4) bi(   0,   0,   0) ti(   1,   0,   1) 7
   129	gd(   2,   3,   1) bd(   2,   3,   4) bi(   0,   0,   0) ti(   0,   1,   1) 8
   130	gd(   2,   3,   1) bd(   2,   3,   4) bi(   0,   0,   0) ti(   1,   1,   1) 9
   131	gd(   2,   3,   1) bd(   2,   3,   4) bi(   0,   0,   0) ti(   0,   2,   1) 10
   132	gd(   2,   3,   1) bd(   2,   3,   4) bi(   0,   0,   0) ti(   1,   2,   1) 11
   133	gd(   2,   3,   1) bd(   2,   3,   4) bi(   0,   0,   0) ti(   0,   0,   2) 12
   134	gd(   2,   3,   1) bd(   2,   3,   4) bi(   0,   0,   0) ti(   1,   0,   2) 13
   135	gd(   2,   3,   1) bd(   2,   3,   4) bi(   0,   0,   0) ti(   0,   1,   2) 14
   136	gd(   2,   3,   1) bd(   2,   3,   4) bi(   0,   0,   0) ti(   1,   1,   2) 15
   137	gd(   2,   3,   1) bd(   2,   3,   4) bi(   0,   0,   0) ti(   0,   2,   2) 16
   138	gd(   2,   3,   1) bd(   2,   3,   4) bi(   0,   0,   0) ti(   1,   2,   2) 17
   139	gd(   2,   3,   1) bd(   2,   3,   4) bi(   0,   0,   0) ti(   0,   0,   3) 18
   140	gd(   2,   3,   1) bd(   2,   3,   4) bi(   0,   0,   0) ti(   1,   0,   3) 19
   141	gd(   2,   3,   1) bd(   2,   3,   4) bi(   0,   0,   0) ti(   0,   1,   3) 20
   142	gd(   2,   3,   1) bd(   2,   3,   4) bi(   0,   0,   0) ti(   1,   1,   3) 21
   143	gd(   2,   3,   1) bd(   2,   3,   4) bi(   0,   0,   0) ti(   0,   2,   3) 22
   144	gd(   2,   3,   1) bd(   2,   3,   4) bi(   0,   0,   0) ti(   1,   2,   3) 23
